x y z nx ny nz
-0.0259790501 -0.0336596812 -0.1051345957 -0.0899130000 -0.9777320000 0.1896190000
-0.0189790501 -0.0337496812 -0.1055235957 -0.0327410000 -0.9968350000 0.0724400000
-0.0107820501 -0.0337706812 -0.1052765957 -0.0029630000 -0.9995180000 0.0309190000
-0.0039500501 -0.0336466812 -0.1051085957 0.0247720000 -0.9995920000 -0.0142380000
-0.0479330501 -0.0269086812 -0.1055415957 -0.6946740000 -0.6842720000 0.2218110000
-0.0428220501 -0.0298056812 -0.1054765957 -0.3847720000 -0.8976310000 0.2149610000
-0.0347990501 -0.0319876812 -0.1054335957 -0.1584600000 -0.9696720000 0.1860810000
-0.0272130501 -0.0326846812 -0.1055075957 -0.0823920000 -0.9864380000 0.1419590000
-0.0187920501 -0.0329956812 -0.1055555957 -0.0312350000 -0.9982330000 0.0505540000
-0.0112080501 -0.0330476812 -0.1054455957 0.0006630000 -0.9999510000 -0.0099180000
-0.0027340501 -0.0328386812 -0.1054525957 0.0252590000 -0.9994900000 -0.0195290000
0.0052679499 -0.0326096812 -0.1056315957 0.0573340000 -0.9977900000 -0.0335990000
0.0132989499 -0.0322056812 -0.1054535957 0.1092790000 -0.9937560000 -0.0225430000
0.0210749499 -0.0310506812 -0.1053875957 0.1985800000 -0.9800310000 -0.0102680000
0.0291069499 -0.0290096812 -0.1054235957 0.3622010000 -0.9318690000 -0.0207320000
0.0343279499 -0.0267066812 -0.1053595957 0.5859790000 -0.8082680000 -0.0577280000
-0.0511440501 -0.0217616812 -0.1054225957 -0.8548120000 -0.4422820000 0.2714480000
0.0381839499 -0.0219876812 -0.1055145957 0.8560410000 -0.5132720000 -0.0611930000
-0.0538400501 -0.0136336812 -0.1054255957 -0.9437240000 -0.2193480000 0.2475320000
0.0407109499 -0.0148116812 -0.1055575957 0.9718430000 -0.2274570000 -0.0615160000
0.0415889499 -0.0122516812 -0.1054855957 0.9843520000 -0.1625640000 -0.0679980000
-0.0552060501 -0.0049716812 -0.1054665957 -0.9720780000 -0.0726210000 0.2231380000
-0.0546090501 -0.0064566812 -0.1051415957 -0.9362320000 -0.0927580000 0.3389170000
0.0420819499 -0.0059456812 -0.1055805957 0.9944950000 -0.0748920000 -0.0732840000
-0.0552450501 0.0020933188 -0.1056185957 -0.9811960000 0.0319900000 0.1903440000
-0.0546570501 0.0043753188 -0.1053205957 -0.9533450000 0.0597830000 0.2959050000
0.0423169499 0.0025933188 -0.1054635957 0.9968790000 0.0234000000 -0.0753920000
-0.0550160501 0.0078093188 -0.1053355957 -0.9717920000 0.0939510000 0.2163190000
-0.0543440501 0.0108183188 -0.1055235957 -0.9638020000 0.1453020000 0.2235470000
0.0409239499 0.0129463188 -0.1054485957 0.9766570000 0.1995340000 -0.0795420000
0.0419139499 0.0100153188 -0.1055685957 0.9904930000 0.1183070000 -0.0701970000
-0.0528070501 0.0179673188 -0.1054195957 -0.9283660000 0.2786300000 0.2459730000
0.0398919499 0.0185583188 -0.1053255957 0.9205970000 0.3853350000 -0.0633840000
0.0413379499 0.0150273188 -0.1055425957 0.9687220000 0.2404720000 -0.0612420000
-0.0492370501 0.0257623188 -0.1051515957 -0.7914280000 0.5427490000 0.2811870000
-0.0450710501 0.0294123188 -0.1056695957 -0.5403070000 0.7979490000 0.2671060000
0.0228209499 0.0300533188 -0.1057285957 0.2186350000 0.9757930000 0.0051870000
0.0292879499 0.0284933188 -0.1055185957 0.3596650000 0.9330190000 -0.0107640000
0.0360979499 0.0247943188 -0.1053975957 0.6650700000 0.7452990000 -0.0470120000
-0.0413140501 0.0314343188 -0.1055155957 -0.3509460000 0.9126550000 0.2095170000
-0.0345470501 0.0329043188 -0.1054725957 -0.1637400000 0.9625550000 0.2160490000
-0.0268850501 0.0332953188 -0.1055185957 -0.0766910000 0.9804180000 0.1813810000
-0.0187680501 0.0335713188 -0.1056115957 -0.0282700000 0.9954930000 0.0905220000
-0.0110090501 0.0333383188 -0.1055075957 0.0070840000 0.9994710000 0.0317480000
-0.0033510501 0.0332213188 -0.1055125957 0.0297590000 0.9995570000 -0.0003420000
0.0050599499 0.0328623188 -0.1055495957 0.0698010000 0.9970340000 -0.0324320000
0.0133029499 0.0321843188 -0.1055425957 0.1188720000 0.9925880000 -0.0252880000
0.0202409499 0.0310203188 -0.1054205957 0.1804880000 0.9835770000 -0.0001970000
-0.0259530501 -0.0336526812 -0.1026895957 -0.0944910000 -0.9767270000 0.1925510000
-0.0185880501 -0.0337746812 -0.1021465957 -0.0501680000 -0.9894540000 0.1358810000
-0.0111160501 -0.0337596812 -0.1011795957 -0.0201230000 -0.9939510000 0.1079690000
-0.0034860501 -0.0337636812 -0.1006165957 0.0105440000 -0.9969630000 0.0771540000
0.0033169499 -0.0336926812 -0.0999565957 0.0414020000 -0.9968000000 0.0683760000
-0.0476910501 -0.0267036812 -0.1025145957 -0.6172290000 -0.6551440000 0.4356780000
-0.0426160501 -0.0283196812 -0.1004215957 -0.4014620000 -0.7966150000 0.4519220000
-0.0349670501 -0.0305136812 -0.1001925957 -0.1872150000 -0.9120690000 0.3648010000
-0.0270500501 -0.0317276812 -0.0999805957 -0.1236000000 -0.9467290000 0.2973690000
-0.0189550501 -0.0324336812 -0.0998065957 -0.0753880000 -0.9731920000 0.2172900000
-0.0108560501 -0.0326916812 -0.0993935957 -0.0328310000 -0.9867310000 0.1590070000
-0.0028770501 -0.0328496812 -0.0995205957 0.0052020000 -0.9939000000 0.1101600000
0.0051959499 -0.0327976812 -0.0998005957 0.0460340000 -0.9961270000 0.0749120000
0.0130989499 -0.0323156812 -0.1000905957 0.1050300000 -0.9933330000 0.0475180000
0.0211059499 -0.0311046812 -0.1004275957 0.1996840000 -0.9797070000 0.0173040000
0.0292219499 -0.0289196812 -0.1004625957 0.3538830000 -0.9352820000 0.0037870000
0.0345349499 -0.0265466812 -0.1002415957 0.5870540000 -0.8094470000 -0.0128060000
-0.0494690501 -0.0212216812 -0.1006105957 -0.7420900000 -0.3984530000 0.5390160000
-0.0455020501 -0.0236706812 -0.0981055957 -0.6647430000 -0.5363930000 0.5200000000
0.0385299499 -0.0217346812 -0.1004225957 0.8682310000 -0.4953320000 -0.0286350000
-0.0552420501 -0.0124076812 -0.1025825957 -0.7384870000 -0.3523690000 0.5748680000
-0.0517000501 -0.0137496812 -0.1001225957 -0.8231600000 -0.2138360000 0.5260060000
0.0407429499 -0.0157676812 -0.1005215957 0.9619800000 -0.2690680000 -0.0468730000
0.0417239499 -0.0124546812 -0.1002765957 0.9832420000 -0.1746620000 -0.0522290000
-0.0551630501 -0.0046976812 -0.1032095957 -0.9257620000 -0.0683890000 0.3718710000
-0.0527100501 -0.0057046812 -0.0997235957 -0.8477820000 -0.0749070000 0.5250280000
0.0424489499 -0.0055406812 -0.1004935957 0.9954090000 -0.0687740000 -0.0665600000
-0.0551890501 0.0021093188 -0.1031215957 -0.9267840000 0.0248770000 0.3747690000
-0.0527480501 0.0025423188 -0.0995565957 -0.8449880000 0.0361610000 0.5335610000
0.0426559499 0.0024263188 -0.1005025957 0.9974640000 0.0214960000 -0.0678480000
-0.0550590501 0.0075163188 -0.1037145957 -0.9251710000 0.0854510000 0.3698070000
-0.0522940501 0.0105333188 -0.1000615957 -0.8413070000 0.1373940000 0.5228050000
0.0409409499 0.0137993188 -0.1014085957 0.9740230000 0.2203310000 -0.0522890000
0.0420909499 0.0103583188 -0.1004425957 0.9881790000 0.1430430000 -0.0551450000
-0.0504290501 0.0183493188 -0.1002265957 -0.7965850000 0.2846770000 0.5333020000
-0.0463120501 0.0213893188 -0.0973975957 -0.7800720000 0.4466390000 0.4381790000
0.0398349499 0.0190763188 -0.1006065957 0.9170720000 0.3973540000 -0.0329900000
0.0414519499 0.0154843188 -0.0997055957 0.9414760000 0.3354070000 -0.0335430000
-0.0485780501 0.0248623188 -0.1015555957 -0.7252170000 0.4555080000 0.5163070000
-0.0438190501 0.0274133188 -0.0995535957 -0.5452340000 0.6744680000 0.4978080000
-0.0357790501 0.0296073188 -0.0982215957 -0.2449560000 0.9080520000 0.3397610000
-0.0290350501 0.0301363188 -0.0976835957 -0.1577520000 0.9520440000 0.2621590000
0.0229789499 0.0300783188 -0.1002005957 0.2151120000 0.9762080000 0.0272970000
0.0292419499 0.0284763188 -0.1005675957 0.3236890000 0.9460660000 0.0135640000
0.0360469499 0.0248033188 -0.1003415957 0.6644050000 0.7473410000 -0.0069530000
-0.0409130501 0.0313093188 -0.1024365957 -0.3368440000 0.8611010000 0.3808420000
-0.0347530501 0.0318483188 -0.1009935957 -0.2104650000 0.9038570000 0.3724880000
-0.0269160501 0.0324843188 -0.1001885957 -0.1210800000 0.9528250000 0.2783220000
-0.0189880501 0.0330523188 -0.1002265957 -0.0613530000 0.9793710000 0.1925330000
-0.0110830501 0.0332793188 -0.0999135957 -0.0189770000 0.9916920000 0.1272280000
-0.0029990501 0.0332383188 -0.0998915957 0.0193050000 0.9965800000 0.0803500000
0.0050979499 0.0329003188 -0.1000105957 0.0630280000 0.9965130000 0.0546780000
0.0130779499 0.0321503188 -0.1006115957 0.1194440000 0.9920620000 0.0393140000
0.0197369499 0.0312023188 -0.1005045957 0.1736120000 0.9842420000 0.0335530000
0.0256889499 0.0306873188 -0.0996025957 0.2408820000 0.9698180000 0.0377990000
-0.0406180501 -0.0267086812 -0.0925195957 -0.4668920000 -0.8783580000 0.1024660000
-0.0348780501 -0.0285816812 -0.0926745957 -0.2393620000 -0.9676240000 0.0800590000
-0.0269070501 -0.0301816812 -0.0924525957 -0.1640490000 -0.9834570000 0.0768120000
-0.0189070501 -0.0313546812 -0.0925115957 -0.1065160000 -0.9919300000 0.0687710000
-0.0108320501 -0.0320066812 -0.0924115957 -0.0468440000 -0.9970770000 0.0603650000
-0.0027590501 -0.0322166812 -0.0926045957 0.0031100000 -0.9979310000 0.0642160000
0.0052249499 -0.0319996812 -0.0928755957 0.0531140000 -0.9945540000 0.0896730000
0.0131549499 -0.0314206812 -0.0929725957 0.1038710000 -0.9863730000 0.1275890000
0.0211499499 -0.0303656812 -0.0928015957 0.1637520000 -0.9769930000 0.1366360000
0.0289859499 -0.0286726812 -0.0923115957 0.2881290000 -0.9544770000 0.0771680000
0.0344869499 -0.0265936812 -0.0923415957 0.5518940000 -0.8338580000 0.0096660000
-0.0471990501 -0.0184336812 -0.0932335957 -0.9041220000 -0.4040770000 0.1388730000
-0.0448150501 -0.0223176812 -0.0926405957 -0.8024880000 -0.5839920000 0.1223400000
0.0385229499 -0.0220176812 -0.0923875957 0.8469160000 -0.5314830000 -0.0160790000
0.0411629499 -0.0175596812 -0.0922465957 0.9568890000 -0.2882270000 -0.0358920000
-0.0486020501 -0.0136926812 -0.0925835957 -0.9555570000 -0.2729030000 0.1115140000
0.0408399499 -0.0164546812 -0.0924925957 0.9549170000 -0.2945450000 -0.0371130000
0.0419899499 -0.0128936812 -0.0922425957 0.9774270000 -0.2062280000 -0.0459040000
-0.0501350501 -0.0055886812 -0.0925095957 -0.9879770000 -0.1133050000 0.1051810000
0.0429539499 -0.0056026812 -0.0923495957 0.9949010000 -0.0806080000 -0.0606210000
-0.0503240501 0.0024483188 -0.0926905957 -0.9925280000 0.0465710000 0.1127770000
0.0431699499 0.0023163188 -0.0925435957 0.9977310000 0.0265320000 -0.0618840000
-0.0494160501 0.0104323188 -0.0926825957 -0.9788170000 0.1708280000 0.1128480000
0.0424729499 0.0104973188 -0.0924175957 0.9857000000 0.1611540000 -0.0492390000
-0.0478580501 0.0168613188 -0.0925555957 -0.9428670000 0.3152790000 0.1077080000
-0.0460520501 0.0207033188 -0.0925035957 -0.8840930000 0.4521480000 0.1180750000
0.0398019499 0.0195883188 -0.0926995957 0.8968240000 0.4419900000 -0.0187250000
0.0414969499 0.0158063188 -0.0923685957 0.9540470000 0.2978290000 -0.0330360000
-0.0426760501 0.0255343188 -0.0925585957 -0.7081790000 0.6965180000 0.1155270000
-0.0350430501 0.0291343188 -0.0924085957 -0.2575410000 0.9594600000 0.1144950000
-0.0273890501 0.0299403188 -0.0918755957 -0.1618950000 0.9811340000 0.1056730000
-0.0227200501 0.0303023188 -0.0902315957 -0.1423200000 0.9859070000 0.0879360000
0.0148619499 0.0302643188 -0.0905755957 0.1360220000 0.9878420000 0.0752720000
0.0215849499 0.0296563188 -0.0923255957 0.1780350000 0.9777390000 0.1110440000
0.0292359499 0.0282133188 -0.0923955957 0.2862130000 0.9552850000 0.0742470000
0.0359959499 0.0249143188 -0.0921695957 0.6240540000 0.7812880000 0.0120750000
-0.0314000501 0.0304993188 -0.0940765957 -0.1998230000 0.9727110000 0.1179150000
-0.0266310501 0.0311993188 -0.0927775957 -0.1649080000 0.9820090000 0.0919990000
-0.0188820501 0.0317773188 -0.0923155957 -0.0990990000 0.9920050000 0.0781410000
-0.0109420501 0.0323613188 -0.0925655957 -0.0387870000 0.9967990000 0.0699080000
-0.0030160501 0.0324413188 -0.0927655957 0.0107170000 0.9971930000 0.0741080000
0.0051949499 0.0320563188 -0.0926295957 0.0622040000 0.9944860000 0.0844270000
0.0128689499 0.0314243188 -0.0930655957 0.1193400000 0.9866160000 0.1111160000
0.0198189499 0.0310283188 -0.0937065957 0.1543930000 0.9800600000 0.1250800000
0.0260879499 0.0305313188 -0.0947015957 0.2277880000 0.9698080000 0.0870970000
-0.0403440501 -0.0264296812 -0.0846755957 -0.4607930000 -0.8860850000 0.0502320000
-0.0348570501 -0.0283116812 -0.0844795957 -0.2452160000 -0.9677370000 0.0579180000
-0.0267820501 -0.0298806812 -0.0844775957 -0.1646980000 -0.9849590000 0.0522590000
-0.0188000501 -0.0310386812 -0.0844405957 -0.1123650000 -0.9924520000 0.0491330000
-0.0108160501 -0.0317476812 -0.0844455957 -0.0507430000 -0.9978000000 0.0426750000
-0.0029740501 -0.0319436812 -0.0844845957 0.0011190000 -0.9991380000 0.0414940000
0.0050779499 -0.0317486812 -0.0844175957 0.0627450000 -0.9971470000 0.0419640000
0.0130699499 -0.0310006812 -0.0844215957 0.1258330000 -0.9912550000 0.0397430000
0.0210569499 -0.0297976812 -0.0844695957 0.1788470000 -0.9830930000 0.0392640000
0.0291629499 -0.0281146812 -0.0843955957 0.2645670000 -0.9634870000 0.0411830000
0.0345349499 -0.0264076812 -0.0842775957 0.5184590000 -0.8548590000 0.0203940000
-0.0471030501 -0.0181106812 -0.0854165957 -0.9088480000 -0.4155230000 0.0365440000
-0.0445190501 -0.0221396812 -0.0844805957 -0.7904270000 -0.6111530000 0.0414450000
0.0385609499 -0.0220436812 -0.0844135957 0.8258800000 -0.5637800000 -0.0085590000
0.0413589499 -0.0179536812 -0.0847095957 0.9431040000 -0.3309070000 -0.0324850000
-0.0484300501 -0.0135496812 -0.0843835957 -0.9585170000 -0.2836560000 0.0279960000
-0.0467560501 -0.0171776812 -0.0855995957 -0.9202730000 -0.3897530000 0.0345060000
0.0409639499 -0.0168596812 -0.0851145957 0.9442160000 -0.3276170000 -0.0335210000
0.0422419499 -0.0132726812 -0.0842635957 0.9725070000 -0.2288510000 -0.0430880000
-0.0499520501 -0.0055936812 -0.0844215957 -0.9930000000 -0.1156150000 0.0241900000
0.0434029499 -0.0056526812 -0.0843735957 0.9944450000 -0.0896650000 -0.0551250000
-0.0501400501 0.0023793188 -0.0844485957 -0.9985690000 0.0471530000 0.0252320000
0.0436529499 0.0024513188 -0.0844065957 0.9978600000 0.0346290000 -0.0554610000
-0.0491930501 0.0103233188 -0.0845225957 -0.9836290000 0.1781510000 0.0271110000
0.0428619499 0.0104193188 -0.0844835957 0.9827350000 0.1793230000 -0.0455550000
-0.0477070501 0.0165703188 -0.0846945957 -0.9484520000 0.3155120000 0.0298460000
-0.0458960501 0.0205983188 -0.0843625957 -0.8868290000 0.4605950000 0.0372340000
0.0398469499 0.0198313188 -0.0844985957 0.8759130000 0.4822210000 -0.0154580000
0.0416329499 0.0161253188 -0.0842755957 0.9356470000 0.3517700000 -0.0286810000
-0.0422050501 0.0255683188 -0.0844245957 -0.6935610000 0.7190040000 0.0447940000
-0.0348710501 0.0288443188 -0.0845185957 -0.2575060000 0.9649960000 0.0497360000
-0.0276790501 0.0298533188 -0.0839305957 -0.1735930000 0.9836000000 0.0489620000
-0.0217270501 0.0301933188 -0.0823805957 -0.1304370000 0.9902480000 0.0489310000
0.0146349499 0.0300763188 -0.0837785957 0.1426350000 0.9885790000 0.0486510000
0.0215989499 0.0291893188 -0.0845755957 0.1805840000 0.9822250000 0.0512290000
0.0291869499 0.0277593188 -0.0843465957 0.2507730000 0.9668130000 0.0488400000
0.0360519499 0.0245973188 -0.0844615957 0.6236020000 0.7815790000 0.0159810000
-0.0259550501 0.0309923188 -0.0847795957 -0.1642150000 0.9852290000 0.0485580000
-0.0185460501 0.0316003188 -0.0844155957 -0.1043110000 0.9934380000 0.0469140000
-0.0106490501 0.0320173188 -0.0847385957 -0.0406430000 0.9982370000 0.0432490000
-0.0026910501 0.0320433188 -0.0845995957 0.0181340000 0.9988330000 0.0447690000
0.0051279499 0.0316643188 -0.0847345957 0.0754170000 0.9958880000 0.0501950000
0.0121969499 0.0311353188 -0.0845475957 0.1263530000 0.9907050000 0.0503770000
0.0188099499 0.0307443188 -0.0852755957 0.1612790000 0.9856910000 0.0490220000
-0.0399630501 -0.0262476812 -0.0767845957 -0.4330410000 -0.8998140000 0.0530160000
-0.0349170501 -0.0277346812 -0.0763735957 -0.2521910000 -0.9659790000 0.0573100000
-0.0268180501 -0.0294136812 -0.0764995957 -0.1678860000 -0.9841830000 0.0565510000
-0.0188020501 -0.0306086812 -0.0764045957 -0.1152810000 -0.9917480000 0.0560870000
-0.0109370501 -0.0313376812 -0.0764955957 -0.0555640000 -0.9969700000 0.0544460000
-0.0030490501 -0.0315626812 -0.0764985957 0.0039970000 -0.9985120000 0.0543810000
0.0050659499 -0.0313626812 -0.0765295957 0.0627460000 -0.9964440000 0.0562260000
0.0132199499 -0.0305826812 -0.0762665957 0.1220390000 -0.9911550000 0.0521330000
0.0211039499 -0.0294386812 -0.0764375957 0.1768720000 -0.9830150000 0.0489700000
0.0291399499 -0.0277686812 -0.0764255957 0.2534870000 -0.9663910000 0.0428050000
0.0343819499 -0.0262616812 -0.0763795957 0.4833250000 -0.8750130000 0.0273720000
-0.0470680501 -0.0178436812 -0.0771645957 -0.8944670000 -0.4452110000 0.0414240000
-0.0440770501 -0.0220726812 -0.0765185957 -0.7726820000 -0.6331000000 0.0463350000
0.0386269499 -0.0220696812 -0.0765105957 0.8060870000 -0.5917530000 -0.0072440000
0.0414149499 -0.0183586812 -0.0760885957 0.9271730000 -0.3736750000 -0.0267740000
-0.0481640501 -0.0136266812 -0.0765205957 -0.9554110000 -0.2932720000 0.0343660000
-0.0465200501 -0.0169766812 -0.0760055957 -0.9208060000 -0.3883590000 0.0359580000
0.0410669499 -0.0170906812 -0.0781445957 0.9019420000 -0.4315570000 -0.0160820000
0.0424499499 -0.0135976812 -0.0764165957 0.9665530000 -0.2534620000 -0.0391580000
-0.0497200501 -0.0057876812 -0.0765645957 -0.9920220000 -0.1225440000 0.0295680000
0.0438359499 -0.0056676812 -0.0763565957 0.9941790000 -0.0958280000 -0.0492410000
-0.0499090501 0.0024093188 -0.0764545957 -0.9984320000 0.0474370000 0.0297190000
0.0440889499 0.0022213188 -0.0763725957 0.9981640000 0.0339270000 -0.0501810000
-0.0489440501 0.0104983188 -0.0765415957 -0.9820530000 0.1855820000 0.0336340000
0.0432509499 0.0103853188 -0.0764795957 0.9805100000 0.1921000000 -0.0411970000
-0.0475170501 0.0163133188 -0.0766605957 -0.9451150000 0.3244660000 0.0384650000
-0.0456800501 0.0202923188 -0.0763625957 -0.8853360000 0.4630090000 0.0424530000
0.0398279499 0.0201553188 -0.0765365957 0.8524190000 0.5227270000 -0.0117280000
0.0418009499 0.0162403188 -0.0763935957 0.9236910000 0.3823050000 -0.0252540000
-0.0419450501 0.0253133188 -0.0765585957 -0.6859550000 0.7260320000 0.0484010000
-0.0348670501 0.0284323188 -0.0766065957 -0.2675130000 0.9622010000 0.0510550000
-0.0278340501 0.0296573188 -0.0762895957 -0.1769920000 0.9828070000 0.0525850000
-0.0200510501 0.0301803188 -0.0756345957 -0.1141990000 0.9919860000 0.0540570000
-0.0147100501 0.0304383188 -0.0751515957 -0.0757860000 0.9955460000 0.0560710000
0.0077239499 0.0302943188 -0.0753625957 0.0944970000 0.9936780000 0.0606200000
0.0133799499 0.0298753188 -0.0762075957 0.1332660000 0.9893050000 0.0592910000
0.0212049499 0.0289793188 -0.0763025957 0.1761630000 0.9827370000 0.0565170000
0.0293799499 0.0272673188 -0.0765425957 0.2559480000 0.9653150000 0.0515540000
0.0359509499 0.0246043188 -0.0764305957 0.5621040000 0.8267860000 0.0215350000
-0.0251520501 0.0307963188 -0.0766515957 -0.1576150000 0.9860310000 0.0538640000
-0.0185440501 0.0313373188 -0.0767805957 -0.1046110000 0.9930080000 0.0546910000
-0.0108800501 0.0316613188 -0.0766335957 -0.0437850000 0.9975040000 0.0553920000
-0.0029500501 0.0316803188 -0.0764775957 0.0196760000 0.9982100000 0.0564710000
0.0047849499 0.0312883188 -0.0765755957 0.0762560000 0.9953280000 0.0592230000
0.0124669499 0.0310603188 -0.0769305957 0.1240030000 0.9905150000 0.0591840000
0.0174799499 0.0305173188 -0.0771035957 0.1536960000 0.9864530000 0.0573360000
-0.0396130501 -0.0260956812 -0.0687145957 -0.3997130000 -0.9149180000 0.0561690000
-0.0348320501 -0.0273526812 -0.0683755957 -0.2495280000 -0.9668680000 0.0538700000
-0.0267960501 -0.0289726812 -0.0684775957 -0.1625120000 -0.9847300000 0.0624280000
-0.0188320501 -0.0301176812 -0.0684065957 -0.1162350000 -0.9910260000 0.0660060000
-0.0109270501 -0.0308596812 -0.0685085957 -0.0567900000 -0.9961940000 0.0661310000
-0.0029850501 -0.0311076812 -0.0685545957 0.0049710000 -0.9978440000 0.0654430000
0.0050509499 -0.0308386812 -0.0684305957 0.0614380000 -0.9959850000 0.0651060000
0.0131159499 -0.0301726812 -0.0683625957 0.1192280000 -0.9908750000 0.0628660000
0.0210759499 -0.0289926812 -0.0684895957 0.1709220000 -0.9835840000 0.0578590000
0.0290739499 -0.0273916812 -0.0683365957 0.2430120000 -0.9687050000 0.0505630000
0.0342659499 -0.0261016812 -0.0686125957 0.4440750000 -0.8953850000 0.0329080000
-0.0468850501 -0.0181826812 -0.0676505957 -0.8135660000 -0.5782400000 0.0612320000
-0.0436210501 -0.0219596812 -0.0684285957 -0.7520340000 -0.6569610000 0.0533670000
-0.0388030501 -0.0254926812 -0.0673785957 -0.4254180000 -0.9033880000 0.0539490000
0.0383619499 -0.0223766812 -0.0685195957 0.7596140000 -0.6503720000 0.0017950000
0.0414739499 -0.0181366812 -0.0681795957 0.9194960000 -0.3922570000 -0.0257120000
-0.0480070501 -0.0131286812 -0.0685865957 -0.9577310000 -0.2847150000 0.0410890000
-0.0466150501 -0.0166596812 -0.0679115957 -0.9217470000 -0.3853300000 0.0436210000
0.0427539499 -0.0135776812 -0.0685125957 0.9637440000 -0.2644900000 -0.0352510000
-0.0494660501 -0.0055476812 -0.0685005957 -0.9920710000 -0.1195800000 0.0386820000
0.0441969499 -0.0056386812 -0.0684125957 0.9938150000 -0.1021700000 -0.0435160000
-0.0496600501 0.0023803188 -0.0684725957 -0.9979820000 0.0499270000 0.0392360000
0.0444759499 0.0023363188 -0.0683425957 0.9982150000 0.0383160000 -0.0458100000
-0.0486750501 0.0103173188 -0.0685165957 -0.9823370000 0.1823860000 0.0418300000
-0.0467730501 0.0140333188 -0.0673305957 -0.7407330000 0.6685380000 0.0661190000
0.0435629499 0.0104253188 -0.0683755957 0.9791530000 0.1994450000 -0.0384810000
-0.0474120501 0.0157123188 -0.0688935957 -0.9496530000 0.3100990000 0.0447000000
-0.0455580501 0.0196643188 -0.0682895957 -0.8868940000 0.4592340000 0.0502280000
0.0397749499 0.0204043188 -0.0683625957 0.8257560000 0.5639690000 -0.0080730000
0.0419299499 0.0164693188 -0.0684705957 0.9167500000 0.3987510000 -0.0238290000
-0.0418090501 0.0249623188 -0.0687805957 -0.6934710000 0.7185390000 0.0529150000
-0.0350150501 0.0279543188 -0.0683725957 -0.2765620000 0.9594850000 0.0538710000
-0.0272810501 0.0294473188 -0.0683525957 -0.1713690000 0.9835870000 0.0564780000
-0.0191870501 0.0299363188 -0.0683515957 -0.1042670000 0.9928420000 0.0582540000
-0.0112280501 0.0302093188 -0.0663145957 -0.0446420000 0.9970840000 0.0618870000
-0.0024000501 0.0302793188 -0.0660525957 0.0247000000 0.9975180000 0.0659400000
0.0057279499 0.0300983188 -0.0676355957 0.0844300000 0.9941030000 0.0680520000
0.0133659499 0.0295343188 -0.0685325957 0.1300540000 0.9892660000 0.0666180000
0.0210319499 0.0285163188 -0.0684205957 0.1723770000 0.9829250000 0.0643720000
0.0291359499 0.0269163188 -0.0684005957 0.2321760000 0.9709380000 0.0580880000
0.0359909499 0.0242673188 -0.0685275957 0.5382750000 0.8423180000 0.0275640000
-0.0238760501 0.0305863188 -0.0693995957 -0.1454860000 0.9876680000 0.0578520000
-0.0185650501 0.0310743188 -0.0687955957 -0.1027480000 0.9929000000 0.0599420000
-0.0106760501 0.0313003188 -0.0688285957 -0.0397840000 0.9972080000 0.0631890000
-0.0027110501 0.0312943188 -0.0687745957 0.0247970000 0.9974850000 0.0663940000
0.0045709499 0.0311733188 -0.0691195957 0.0752870000 0.9948520000 0.0678280000
0.0115799499 0.0307853188 -0.0686395957 0.1176700000 0.9907510000 0.0675670000
-0.0394320501 -0.0259726812 -0.0610395957 -0.3711970000 -0.9264190000 0.0629400000
-0.0346630501 -0.0268986812 -0.0605345957 -0.2440150000 -0.9676590000 0.0639700000
-0.0268580501 -0.0284026812 -0.0604905957 -0.1596900000 -0.9851890000 0.0624610000
-0.0188730501 -0.0295466812 -0.0603755957 -0.1153330000 -0.9910920000 0.0665970000
-0.0108960501 -0.0302876812 -0.0605535957 -0.0579130000 -0.9960660000 0.0670710000
-0.0029770501 -0.0305696812 -0.0606845957 0.0038120000 -0.9978160000 0.0659410000
0.0050129499 -0.0303066812 -0.0603465957 0.0608510000 -0.9961010000 0.0638770000
0.0131379499 -0.0296266812 -0.0604985957 0.1165970000 -0.9911960000 0.0627310000
0.0210469499 -0.0285076812 -0.0604915957 0.1664000000 -0.9843330000 0.0583100000
0.0291119499 -0.0269506812 -0.0604345957 0.2340410000 -0.9708930000 0.0509070000
0.0340179499 -0.0259246812 -0.0610775957 0.3983750000 -0.9163580000 0.0398110000
-0.0430590501 -0.0219316812 -0.0605035957 -0.7313050000 -0.6793230000 0.0609300000
-0.0384650501 -0.0253256812 -0.0593405957 -0.4206810000 -0.9052550000 0.0595000000
0.0329789499 -0.0253556812 -0.0601015957 0.3314730000 -0.9425800000 0.0408470000
0.0380949499 -0.0226036812 -0.0603475957 0.7120100000 -0.7020980000 0.0100010000
0.0415259499 -0.0182986812 -0.0604645957 0.9076400000 -0.4192880000 -0.0196870000
-0.0478040501 -0.0126476812 -0.0605905957 -0.9581670000 -0.2814860000 0.0517770000
-0.0464140501 -0.0164066812 -0.0601645957 -0.9186550000 -0.3914840000 0.0530400000
0.0429709499 -0.0136916812 -0.0604455957 0.9583530000 -0.2839370000 -0.0306560000
-0.0490880501 -0.0056766812 -0.0604735957 -0.9908950000 -0.1252310000 0.0494350000
0.0445369499 -0.0055776812 -0.0603565957 0.9938120000 -0.1041760000 -0.0385420000
-0.0492760501 0.0025173188 -0.0605245957 -0.9970880000 0.0583990000 0.0490500000
0.0447979499 0.0024513188 -0.0605675957 0.9983210000 0.0411330000 -0.0407920000
-0.0482360501 0.0106123188 -0.0604965957 -0.9785610000 0.1998020000 0.0499790000
0.0439189499 0.0102323188 -0.0603465957 0.9781710000 0.2049310000 -0.0344180000
-0.0471510501 0.0154763188 -0.0611455957 -0.9489990000 0.3110980000 0.0511720000
-0.0453740501 0.0191083188 -0.0603155957 -0.8938120000 0.4450410000 0.0551250000
0.0397959499 0.0204543188 -0.0605835957 0.7989180000 0.6014300000 -0.0033340000
0.0421139499 0.0164373188 -0.0606285957 0.9090980000 0.4161610000 -0.0187380000
-0.0415670501 0.0246103188 -0.0607035957 -0.7011160000 0.7106950000 0.0578640000
-0.0349590501 0.0274983188 -0.0604225957 -0.2757760000 0.9597240000 0.0536310000
-0.0267740501 0.0291243188 -0.0602855957 -0.1645710000 0.9849040000 0.0536660000
-0.0195430501 0.0296643188 -0.0601365957 -0.1050600000 0.9929200000 0.0554360000
-0.0112260501 0.0300763188 -0.0601965957 -0.0381190000 0.9974840000 0.0597660000
-0.0027060501 0.0300923188 -0.0598745957 0.0280650000 0.9975320000 0.0643620000
0.0052439499 0.0296963188 -0.0601715957 0.0821410000 0.9943670000 0.0669790000
0.0131539499 0.0292003188 -0.0604555957 0.1268730000 0.9896880000 0.0664950000
0.0210649499 0.0280273188 -0.0606255957 0.1689920000 0.9835870000 0.0632390000
0.0291459499 0.0263993188 -0.0605025957 0.2243560000 0.9728780000 0.0563230000
0.0357689499 0.0241663188 -0.0602295957 0.4810730000 0.8760820000 0.0323800000
-0.0179580501 0.0307753188 -0.0609095957 -0.0952320000 0.9937800000 0.0577190000
-0.0107610501 0.0311503188 -0.0605875957 -0.0365590000 0.9974630000 0.0610760000
-0.0031120501 0.0311933188 -0.0608805957 0.0233350000 0.9975750000 0.0655690000
0.0050589499 0.0308803188 -0.0609595957 0.0786770000 0.9946250000 0.0673180000
0.0104359499 0.0305473188 -0.0633215957 0.1093240000 0.9916050000 0.0690430000
-0.0397380501 -0.0256386812 -0.0544095957 -0.3577460000 -0.9319190000 0.0595380000
-0.0343870501 -0.0265406812 -0.0525575957 -0.2365490000 -0.9700340000 0.0554810000
-0.0267900501 -0.0279546812 -0.0523835957 -0.1581490000 -0.9859850000 0.0531260000
-0.0188400501 -0.0290776812 -0.0524295957 -0.1115670000 -0.9921860000 0.0558520000
-0.0109010501 -0.0297786812 -0.0523785957 -0.0580680000 -0.9965810000 0.0587660000
-0.0029220501 -0.0300366812 -0.0525215957 0.0035730000 -0.9982080000 0.0597290000
0.0051329499 -0.0298076812 -0.0524215957 0.0593970000 -0.9965260000 0.0583710000
0.0131609499 -0.0291686812 -0.0525115957 0.1139550000 -0.9919500000 0.0552140000
0.0210829499 -0.0280556812 -0.0524735957 0.1627000000 -0.9853550000 0.0510360000
0.0288569499 -0.0266296812 -0.0525485957 0.2240500000 -0.9733640000 0.0486300000
0.0337509499 -0.0258196812 -0.0531135957 0.3658550000 -0.9298290000 0.0395970000
-0.0426830501 -0.0216556812 -0.0524645957 -0.7303310000 -0.6800440000 0.0644740000
-0.0379430501 -0.0251996812 -0.0520215957 -0.3900330000 -0.9190930000 0.0560550000
0.0321429499 -0.0253406812 -0.0521585957 0.2730340000 -0.9609750000 0.0444870000
0.0377499499 -0.0227196812 -0.0523445957 0.6570900000 -0.7536690000 0.0147100000
0.0415589499 -0.0183596812 -0.0527915957 0.8968990000 -0.4418760000 -0.0178170000
-0.0475500501 -0.0119596812 -0.0527545957 -0.9622580000 -0.2649080000 0.0623220000
-0.0461910501 -0.0157786812 -0.0521565957 -0.9242910000 -0.3765320000 0.0625210000
0.0432839499 -0.0135146812 -0.0524835957 0.9577130000 -0.2863740000 -0.0278550000
-0.0486780501 -0.0055646812 -0.0524185957 -0.9900190000 -0.1276990000 0.0596290000
0.0448089499 -0.0057036812 -0.0523985957 0.9934190000 -0.1097340000 -0.0328330000
-0.0488870501 0.0023043188 -0.0524485957 -0.9970200000 0.0521920000 0.0568140000
0.0451049499 0.0023333188 -0.0525725957 0.9987810000 0.0357640000 -0.0340120000
-0.0479010501 0.0102163188 -0.0525945957 -0.9791870000 0.1949480000 0.0564590000
-0.0466360501 0.0138373188 -0.0521415957 -0.9479890000 0.3136210000 0.0543980000
0.0441019499 0.0105623188 -0.0524975957 0.9730740000 0.2286140000 -0.0293810000
-0.0470000501 0.0149283188 -0.0547185957 -0.9521280000 0.3006800000 0.0551760000
-0.0450240501 0.0187383188 -0.0524335957 -0.8926320000 0.4467890000 0.0598930000
0.0398459499 0.0204053188 -0.0525555957 0.7673610000 0.6412040000 0.0039370000
0.0422359499 0.0165773188 -0.0525575957 0.8951720000 0.4454970000 -0.0141330000
-0.0410820501 0.0244473188 -0.0527135957 -0.6858170000 0.7251080000 0.0622410000
-0.0349970501 0.0271303188 -0.0524115957 -0.2959420000 0.9537090000 0.0534560000
-0.0270120501 0.0286443188 -0.0524105957 -0.1669150000 0.9845900000 0.0521640000
-0.0192880501 0.0296213188 -0.0521985957 -0.1002470000 0.9934940000 0.0540380000
-0.0107920501 0.0296413188 -0.0526015957 -0.0305100000 0.9977980000 0.0588920000
-0.0028050501 0.0296283188 -0.0527505957 0.0306350000 0.9974640000 0.0642470000
0.0054949499 0.0294823188 -0.0522395957 0.0842530000 0.9941320000 0.0678430000
0.0130619499 0.0287343188 -0.0523525957 0.1248020000 0.9898930000 0.0673510000
0.0211359499 0.0274683188 -0.0524385957 0.1645550000 0.9842360000 0.0648170000
0.0291509499 0.0259593188 -0.0524045957 0.2208400000 0.9735770000 0.0581200000
0.0357269499 0.0239033188 -0.0524235957 0.4529520000 0.8907740000 0.0368320000
-0.0162910501 0.0305773188 -0.0543115957 -0.0788310000 0.9953160000 0.0559600000
-0.0107870501 0.0307493188 -0.0525065957 -0.0312370000 0.9977540000 0.0592560000
-0.0031490501 0.0307673188 -0.0526045957 0.0273550000 0.9975460000 0.0644510000
0.0029109499 0.0306083188 -0.0543375957 0.0670530000 0.9954620000 0.0675180000
-0.0390560501 -0.0256106812 -0.0484455957 -0.3363840000 -0.9394690000 0.0651400000
-0.0337910501 -0.0263036812 -0.0446405957 -0.2218250000 -0.9735830000 0.0541190000
-0.0268750501 -0.0275146812 -0.0445125957 -0.1580800000 -0.9859120000 0.0546700000
-0.0188790501 -0.0286136812 -0.0444485957 -0.1108270000 -0.9921050000 0.0586960000
-0.0109140501 -0.0293316812 -0.0443505957 -0.0568690000 -0.9967630000 0.0568380000
-0.0029480501 -0.0295656812 -0.0443585957 0.0027690000 -0.9983370000 0.0575780000
0.0050289499 -0.0293716812 -0.0444085957 0.0577030000 -0.9967000000 0.0570890000
0.0131129499 -0.0287156812 -0.0445255957 0.1104860000 -0.9924050000 0.0540920000
0.0210759499 -0.0276526812 -0.0444465957 0.1607130000 -0.9856570000 0.0515010000
0.0284769499 -0.0263676812 -0.0445925957 0.2177600000 -0.9747560000 0.0493000000
0.0337449499 -0.0255976812 -0.0471265957 0.3741300000 -0.9267550000 0.0339570000
-0.0421630501 -0.0215016812 -0.0444795957 -0.7247830000 -0.6856110000 0.0680240000
-0.0371980501 -0.0250316812 -0.0442215957 -0.3610460000 -0.9307740000 0.0574920000
0.0317229499 -0.0252256812 -0.0439215957 0.2526160000 -0.9664010000 0.0474730000
0.0374299499 -0.0228086812 -0.0443605957 0.6052650000 -0.7957230000 0.0218760000
0.0416479499 -0.0185046812 -0.0444005957 0.8857900000 -0.4639350000 -0.0118370000
-0.0472780501 -0.0112276812 -0.0450545957 -0.9651910000 -0.2529930000 0.0663460000
-0.0459230501 -0.0149116812 -0.0442625957 -0.9310610000 -0.3585920000 0.0673530000
0.0434229499 -0.0136356812 -0.0445885957 0.9531870000 -0.3015090000 -0.0229610000
-0.0481590501 -0.0055486812 -0.0444675957 -0.9892940000 -0.1302390000 0.0658460000
0.0450499499 -0.0055566812 -0.0445585957 0.9937610000 -0.1077820000 -0.0286820000
-0.0483820501 0.0024743188 -0.0443855957 -0.9965520000 0.0512680000 0.0652400000
0.0453619499 0.0023733188 -0.0444275957 0.9988830000 0.0365630000 -0.0299200000
-0.0475790501 0.0096563188 -0.0446855957 -0.9819400000 0.1775640000 0.0653080000
-0.0465230501 0.0132863188 -0.0436445957 -0.9558630000 0.2863860000 0.0656340000
0.0443809499 0.0104433188 -0.0443585957 0.9709860000 0.2378850000 -0.0244330000
-0.0445710501 0.0185173188 -0.0444955957 -0.8907900000 0.4491490000 0.0689870000
0.0395979499 0.0205953188 -0.0441955957 0.7282000000 0.6852910000 0.0100080000
0.0423349499 0.0166043188 -0.0444935957 0.8881450000 0.4594690000 -0.0092980000
-0.0407120501 0.0241223188 -0.0446555957 -0.6939330000 0.7169170000 0.0669930000
-0.0349360501 0.0266433188 -0.0444365957 -0.3021550000 0.9516560000 0.0552620000
-0.0268750501 0.0283093188 -0.0445425957 -0.1657590000 0.9847590000 0.0526760000
-0.0188120501 0.0292503188 -0.0444125957 -0.0932410000 0.9942100000 0.0534030000
-0.0112050501 0.0296733188 -0.0445195957 -0.0296440000 0.9979320000 0.0570310000
-0.0028580501 0.0295383188 -0.0443825957 0.0346810000 0.9975650000 0.0605040000
0.0050539499 0.0290623188 -0.0445915957 0.0834090000 0.9945200000 0.0630240000
0.0131359499 0.0281283188 -0.0442885957 0.1260170000 0.9899160000 0.0647000000
0.0210569499 0.0269323188 -0.0444715957 0.1617740000 0.9847100000 0.0646210000
0.0292489499 0.0254633188 -0.0444415957 0.2058790000 0.9766970000 0.0606390000
0.0354509499 0.0236903188 -0.0446685957 0.4080170000 0.9119640000 0.0429510000
-0.0093910501 0.0305063188 -0.0476705957 -0.0155660000 0.9981430000 0.0588990000
-0.0046850501 0.0304943188 -0.0475585957 0.0199700000 0.9978970000 0.0616690000
-0.0330630501 -0.0261126812 -0.0366865957 -0.2139340000 -0.9754750000 0.0517790000
-0.0268590501 -0.0270716812 -0.0364855957 -0.1571870000 -0.9862970000 0.0501060000
-0.0188590501 -0.0281956812 -0.0364665957 -0.1073300000 -0.9930340000 0.0486230000
-0.0108360501 -0.0288606812 -0.0364585957 -0.0584850000 -0.9968680000 0.0532350000
-0.0029450501 -0.0291616812 -0.0363815957 0.0029930000 -0.9985670000 0.0534400000
0.0051419499 -0.0289306812 -0.0364655957 0.0566220000 -0.9969450000 0.0538010000
0.0132259499 -0.0282876812 -0.0364865957 0.1091010000 -0.9926380000 0.0525950000
0.0210219499 -0.0272336812 -0.0364445957 0.1583260000 -0.9861050000 0.0502970000
0.0276609499 -0.0261556812 -0.0366235957 0.2088450000 -0.9767280000 0.0488460000
-0.0418950501 -0.0210106812 -0.0365795957 -0.7375580000 -0.6711260000 0.0748230000
-0.0365740501 -0.0247826812 -0.0361165957 -0.3553590000 -0.9328350000 0.0594860000
0.0311279499 -0.0250866812 -0.0359175957 0.2391710000 -0.9698270000 0.0472520000
0.0374109499 -0.0225956812 -0.0363645957 0.5837110000 -0.8115680000 0.0252940000
0.0416699499 -0.0184446812 -0.0365125957 0.8680650000 -0.4964320000 -0.0042670000
-0.0470540501 -0.0104246812 -0.0380865957 -0.9704280000 -0.2298090000 0.0738710000
-0.0456770501 -0.0139426812 -0.0362305957 -0.9376520000 -0.3390470000 0.0765260000
0.0435599499 -0.0137456812 -0.0364825957 0.9485610000 -0.3160910000 -0.0178300000
-0.0476410501 -0.0054606812 -0.0365295957 -0.9884150000 -0.1318170000 0.0752290000
-0.0467210501 -0.0083996812 -0.0348635957 -0.9792450000 -0.1881160000 0.0754470000
0.0452559499 -0.0056386812 -0.0364795957 0.9933700000 -0.1118930000 -0.0263980000
-0.0478420501 0.0023363188 -0.0365235957 -0.9959300000 0.0495010000 0.0753150000
-0.0467340501 0.0045883188 -0.0329365957 -0.9449270000 0.3162830000 0.0841290000
0.0455899499 0.0024173188 -0.0364985957 0.9989650000 0.0372110000 -0.0261500000
-0.0472870501 0.0085293188 -0.0368675957 -0.9845140000 0.1580070000 0.0759330000
-0.0462760501 0.0120523188 -0.0358745957 -0.9643330000 0.2527090000 0.0787350000
0.0445169499 0.0105383188 -0.0363325957 0.9679960000 0.2502310000 -0.0191730000
-0.0439750501 0.0184513188 -0.0363785957 -0.8864950000 0.4560190000 0.0785700000
0.0392819499 0.0207363188 -0.0360785957 0.6775060000 0.7352920000 0.0181900000
0.0423129499 0.0167893188 -0.0365055957 0.8701930000 0.4927060000 -0.0019880000
-0.0403550501 0.0236403188 -0.0365775957 -0.6998340000 0.7105310000 0.0733320000
-0.0350590501 0.0261913188 -0.0363455957 -0.3389940000 0.9389590000 0.0586380000
-0.0269250501 0.0278783188 -0.0367525957 -0.1654010000 0.9848050000 0.0529360000
-0.0189150501 0.0287833188 -0.0363485957 -0.0918360000 0.9943530000 0.0531800000
-0.0107520501 0.0292163188 -0.0364925957 -0.0232740000 0.9981890000 0.0554740000
-0.0027550501 0.0290763188 -0.0364845957 0.0373520000 0.9976710000 0.0570700000
0.0051139499 0.0285363188 -0.0362665957 0.0856460000 0.9946470000 0.0578180000
0.0130329499 0.0277133188 -0.0367245957 0.1271560000 0.9901160000 0.0591790000
0.0210849499 0.0264363188 -0.0364005957 0.1606900000 0.9852380000 0.0590280000
0.0291209499 0.0250133188 -0.0364675957 0.1975400000 0.9786830000 0.0561930000
0.0352879499 0.0234833188 -0.0367285957 0.3436270000 0.9380640000 0.0442330000
-0.0325280501 -0.0259876812 -0.0288985957 -0.2031190000 -0.9775760000 0.0555670000
-0.0269100501 -0.0266596812 -0.0285175957 -0.1582150000 -0.9859020000 0.0544500000
-0.0188140501 -0.0277746812 -0.0284815957 -0.1087780000 -0.9924940000 0.0558900000
-0.0108540501 -0.0284746812 -0.0284555957 -0.0552480000 -0.9969050000 0.0559220000
-0.0028400501 -0.0286986812 -0.0284965957 0.0034350000 -0.9984950000 0.0547370000
0.0051379499 -0.0284836812 -0.0284435957 0.0562240000 -0.9968850000 0.0553050000
0.0130649499 -0.0278626812 -0.0283375957 0.1089140000 -0.9925050000 0.0554160000
0.0210699499 -0.0268116812 -0.0284755957 0.1580670000 -0.9858260000 0.0562360000
0.0271619499 -0.0259906812 -0.0288585957 0.1993840000 -0.9785080000 0.0526060000
-0.0414110501 -0.0206796812 -0.0284825957 -0.7410700000 -0.6664450000 0.0816520000
-0.0357110501 -0.0245546812 -0.0281505957 -0.3473400000 -0.9356960000 0.0618680000
-0.0305440501 -0.0253206812 -0.0270525957 -0.1910260000 -0.9801790000 0.0525160000
0.0242849499 -0.0255016812 -0.0262315957 0.1738590000 -0.9834110000 0.0517180000
0.0301769499 -0.0249566812 -0.0281575957 0.2246090000 -0.9732210000 0.0489000000
0.0372969499 -0.0224076812 -0.0282935957 0.5545160000 -0.8316510000 0.0294740000
0.0416759499 -0.0184686812 -0.0286445957 0.8549700000 -0.5186720000 0.0025200000
-0.0469370501 -0.0098116812 -0.0324495957 -0.9728520000 -0.2185190000 0.0762080000
-0.0450820501 -0.0137006812 -0.0283595957 -0.9372980000 -0.3381140000 0.0845620000
0.0437199499 -0.0136456812 -0.0284825957 0.9435060000 -0.3310860000 -0.0133330000
-0.0472320501 -0.0045216812 -0.0291415957 -0.9898580000 -0.1128910000 0.0862420000
-0.0464960501 -0.0072166812 -0.0274425957 -0.9830380000 -0.1605530000 0.0886560000
0.0454599499 -0.0056166812 -0.0283915957 0.9932500000 -0.1137850000 -0.0225080000
-0.0473220501 0.0019873188 -0.0288855957 -0.9952250000 0.0428200000 0.0877150000
-0.0466600501 0.0036233188 -0.0266755957 -0.9906820000 0.0987210000 0.0938310000
0.0457859499 0.0025003188 -0.0283855957 0.9988150000 0.0440060000 -0.0207870000
-0.0470460501 0.0074443188 -0.0301545957 -0.9872820000 0.1312450000 0.0897210000
-0.0459840501 0.0106213188 -0.0281925957 -0.9711640000 0.2192390000 0.0936690000
0.0446719499 0.0105613188 -0.0284335957 0.9646410000 0.2632470000 -0.0129680000
-0.0432260501 0.0183363188 -0.0282625957 -0.8827420000 0.4612130000 0.0897150000
-0.0386610501 0.0223533188 -0.0263755957 -0.6094970000 0.7902020000 0.0639800000
0.0389439499 0.0207373188 -0.0282645957 0.6436290000 0.7649740000 0.0235810000
0.0424139499 0.0166443188 -0.0286365957 0.8593580000 0.5113660000 0.0028830000
-0.0398950501 0.0234323188 -0.0287605957 -0.7073430000 0.7024060000 0.0793170000
-0.0350850501 0.0257023188 -0.0284885957 -0.3656500000 0.9286330000 0.0627780000
-0.0267250501 0.0274253188 -0.0284225957 -0.1621070000 0.9852810000 0.0542440000
-0.0187390501 0.0284283188 -0.0284315957 -0.0895320000 0.9944660000 0.0549580000
-0.0108490501 0.0287843188 -0.0282665957 -0.0224820000 0.9981510000 0.0564710000
-0.0029220501 0.0286453188 -0.0283365957 0.0367920000 0.9977240000 0.0565160000
0.0049889499 0.0281543188 -0.0284915957 0.0854940000 0.9947290000 0.0566170000
0.0129759499 0.0272223188 -0.0284745957 0.1274520000 0.9902600000 0.0560390000
0.0211139499 0.0259613188 -0.0283205957 0.1584790000 0.9859020000 0.0536870000
0.0290389499 0.0246083188 -0.0285415957 0.1930570000 0.9798640000 0.0509420000
0.0346939499 0.0233903188 -0.0285195957 0.2993650000 0.9530660000 0.0452240000
-0.0321390501 -0.0258406812 -0.0208305957 -0.2041650000 -0.9773310000 0.0560380000
-0.0264830501 -0.0263216812 -0.0205765957 -0.1537890000 -0.9865700000 0.0550390000
-0.0188610501 -0.0273116812 -0.0203885957 -0.1068340000 -0.9926220000 0.0573430000
-0.0108760501 -0.0279766812 -0.0204115957 -0.0536360000 -0.9968330000 0.0587170000
-0.0029310501 -0.0282326812 -0.0204525957 0.0012260000 -0.9980510000 0.0623910000
0.0051079499 -0.0280106812 -0.0204105957 0.0580220000 -0.9963760000 0.0621890000
0.0131129499 -0.0274046812 -0.0204305957 0.1060830000 -0.9924530000 0.0615180000
0.0207819499 -0.0264236812 -0.0204295957 0.1531630000 -0.9867070000 0.0543090000
0.0265999499 -0.0258096812 -0.0212045957 0.1884220000 -0.9807290000 0.0516500000
-0.0409730501 -0.0201856812 -0.0204665957 -0.7545580000 -0.6495710000 0.0932710000
-0.0352810501 -0.0241936812 -0.0204255957 -0.3621320000 -0.9297980000 0.0658440000
-0.0297180501 -0.0253496812 -0.0192655957 -0.1874220000 -0.9807610000 0.0545890000
0.0239519499 -0.0253756812 -0.0189695957 0.1693450000 -0.9841310000 0.0529980000
0.0295549499 -0.0247296812 -0.0202395957 0.2137400000 -0.9756350000 0.0495210000
0.0372999499 -0.0221316812 -0.0203695957 0.5377030000 -0.8425080000 0.0324830000
0.0417679499 -0.0181816812 -0.0204505957 0.8376290000 -0.5461960000 0.0068850000
-0.0443480501 -0.0135966812 -0.0203545957 -0.9346950000 -0.3421370000 0.0963700000
0.0437739499 -0.0137056812 -0.0204165957 0.9383480000 -0.3456280000 -0.0067230000
-0.0469810501 -0.0028556812 -0.0232155957 -0.9924900000 -0.0763890000 0.0955450000
-0.0461280501 -0.0057796812 -0.0202455957 -0.9856750000 -0.1369090000 0.0984890000
0.0456139499 -0.0055616812 -0.0204365957 0.9932170000 -0.1148840000 -0.0179230000
-0.0470080501 0.0008523188 -0.0229875957 -0.9951870000 0.0189270000 0.0961490000
-0.0463280501 0.0026173188 -0.0200785957 -0.9929210000 0.0622450000 0.1011560000
0.0459359499 0.0023193188 -0.0204435957 0.9989150000 0.0438160000 -0.0157800000
-0.0452800501 0.0102863188 -0.0203475957 -0.9715460000 0.2131780000 0.1032170000
0.0447759499 0.0104143188 -0.0205615957 0.9638050000 0.2665390000 -0.0060510000
-0.0424170501 0.0183843188 -0.0205785957 -0.8803960000 0.4639900000 0.0980600000
-0.0383400501 0.0219163188 -0.0193885957 -0.6457860000 0.7601280000 0.0718790000
0.0385539499 0.0207293188 -0.0204325957 0.5913480000 0.8057920000 0.0317190000
0.0424269499 0.0165693188 -0.0204665957 0.8487580000 0.5286950000 0.0095470000
-0.0393710501 0.0231223188 -0.0213965957 -0.7205110000 0.6877360000 0.0887850000
-0.0350910501 0.0251553188 -0.0202865957 -0.4129450000 0.9080240000 0.0704900000
-0.0268390501 0.0269933188 -0.0204375957 -0.1636910000 0.9849210000 0.0560040000
-0.0189120501 0.0279133188 -0.0203775957 -0.0888770000 0.9943650000 0.0577810000
-0.0108210501 0.0284153188 -0.0206795957 -0.0213090000 0.9980540000 0.0586070000
-0.0028150501 0.0282603188 -0.0204835957 0.0377960000 0.9975630000 0.0586430000
0.0052329499 0.0276053188 -0.0204855957 0.0866850000 0.9945080000 0.0586560000
0.0130879499 0.0267393188 -0.0202425957 0.1264940000 0.9902980000 0.0575250000
0.0211299499 0.0255773188 -0.0204685957 0.1553890000 0.9863480000 0.0545120000
0.0292439499 0.0241293188 -0.0204535957 0.1920870000 0.9799630000 0.0526830000
0.0348659499 0.0230963188 -0.0204985957 0.2657230000 0.9627530000 0.0499760000
-0.0312680501 -0.0256846812 -0.0140065957 -0.1944370000 -0.9792690000 0.0568070000
-0.0258770501 -0.0260936812 -0.0126205957 -0.1473470000 -0.9876420000 0.0534020000
-0.0189600501 -0.0268476812 -0.0124015957 -0.1055920000 -0.9928590000 0.0555070000
-0.0108150501 -0.0275326812 -0.0124695957 -0.0515780000 -0.9968900000 0.0595890000
-0.0028710501 -0.0277386812 -0.0124555957 0.0051460000 -0.9980290000 0.0625510000
0.0051049499 -0.0275236812 -0.0124325957 0.0591630000 -0.9961650000 0.0644610000
0.0131019499 -0.0268596812 -0.0124565957 0.1037530000 -0.9925270000 0.0642380000
0.0203859499 -0.0261306812 -0.0126815957 0.1429500000 -0.9879080000 0.0600310000
0.0256679499 -0.0257236812 -0.0141955957 0.1784740000 -0.9826520000 0.0504180000
-0.0404550501 -0.0196596812 -0.0125665957 -0.7676710000 -0.6325260000 0.1029200000
-0.0350960501 -0.0236556812 -0.0124285957 -0.4031780000 -0.9121930000 0.0731550000
-0.0287990501 -0.0251806812 -0.0118745957 -0.1767970000 -0.9827990000 0.0533790000
0.0230649499 -0.0252336812 -0.0118985957 0.1563070000 -0.9860640000 0.0569790000
0.0292089499 -0.0244656812 -0.0124015957 0.2073790000 -0.9769910000 0.0498260000
0.0373399499 -0.0217666812 -0.0123735957 0.5258610000 -0.8498560000 0.0348560000
0.0415629499 -0.0183546812 -0.0127725957 0.8262420000 -0.5630810000 0.0162090000
-0.0434390501 -0.0137376812 -0.0123865957 -0.9274020000 -0.3584650000 0.1069030000
0.0437769499 -0.0137226812 -0.0123485957 0.9309310000 -0.3651920000 0.0017420000
-0.0453330501 -0.0056456812 -0.0123755957 -0.9847870000 -0.1360150000 0.1081390000
0.0457219499 -0.0057476812 -0.0124795957 0.9924100000 -0.1223440000 -0.0124210000
-0.0455780501 0.0024613188 -0.0124475957 -0.9922140000 0.0603890000 0.1089250000
0.0460359499 0.0024073188 -0.0124595957 0.9985860000 0.0519410000 -0.0113000000
-0.0443770501 0.0104913188 -0.0124365957 -0.9686860000 0.2233310000 0.1084910000
0.0448059499 0.0105003188 -0.0125095957 0.9586250000 0.2846680000 0.0011310000
-0.0415850501 0.0182193188 -0.0125065957 -0.8769230000 0.4691590000 0.1043790000
-0.0382860501 0.0217073188 -0.0118485957 -0.6653810000 0.7410030000 0.0904530000
0.0381909499 0.0205253188 -0.0125195957 0.5605810000 0.8273480000 0.0352840000
0.0424709499 0.0163583188 -0.0125905957 0.8390340000 0.5438820000 0.0146430000
-0.0392140501 0.0226373188 -0.0145095957 -0.7557010000 0.6472360000 0.1000050000
-0.0351090501 0.0245843188 -0.0123685957 -0.4587540000 0.8849530000 0.0800230000
-0.0269620501 0.0264943188 -0.0125405957 -0.1633880000 0.9848130000 0.0587200000
-0.0188550501 0.0274853188 -0.0125645957 -0.0867990000 0.9944940000 0.0587130000
-0.0108770501 0.0278043188 -0.0125745957 -0.0226460000 0.9979710000 0.0595020000
-0.0028530501 0.0276913188 -0.0125755957 0.0372750000 0.9975390000 0.0593780000
0.0051159499 0.0272013188 -0.0124985957 0.0867890000 0.9944070000 0.0601820000
0.0131199499 0.0262773188 -0.0123525957 0.1256040000 0.9902130000 0.0608490000
0.0208919499 0.0251273188 -0.0125435957 0.1516070000 0.9866510000 0.0594550000
0.0290619499 0.0237273188 -0.0123255957 0.1867660000 0.9808370000 0.0554660000
0.0343259499 0.0230903188 -0.0129055957 0.2382030000 0.9698450000 0.0515780000
-0.0322110501 -0.0255786812 -0.0077125957 -0.1275260000 -0.9905100000 0.0512540000
-0.0253320501 -0.0259396812 -0.0050045957 -0.1383040000 -0.9890030000 0.0523930000
-0.0187620501 -0.0264226812 -0.0044975957 -0.1006220000 -0.9933920000 0.0552130000
-0.0109010501 -0.0270516812 -0.0045025957 -0.0500900000 -0.9970590000 0.0579980000
-0.0028430501 -0.0272456812 -0.0044065957 0.0085770000 -0.9980440000 0.0619240000
0.0050999499 -0.0269756812 -0.0045065957 0.0634720000 -0.9958400000 0.0653800000
0.0129759499 -0.0263866812 -0.0045195957 0.1007360000 -0.9926190000 0.0675280000
0.0196809499 -0.0258916812 -0.0052305957 0.1354280000 -0.9886520000 0.0650150000
-0.0399550501 -0.0189856812 -0.0047965957 -0.7821670000 -0.6127400000 0.1129750000
-0.0351320501 -0.0229196812 -0.0044175957 -0.4675500000 -0.8801430000 0.0821280000
-0.0276970501 -0.0250346812 -0.0042565957 -0.1695010000 -0.9841120000 0.0528560000
-0.0219490501 -0.0254186812 -0.0027535957 -0.1226620000 -0.9910830000 0.0520500000
0.0159209499 -0.0254106812 -0.0025455957 0.1125920000 -0.9915310000 0.0647180000
0.0219319499 -0.0250566812 -0.0039825957 0.1441880000 -0.9875610000 0.0627160000
0.0290059499 -0.0240946812 -0.0044835957 0.1932470000 -0.9796970000 0.0533700000
0.0373889499 -0.0214166812 -0.0043725957 0.5269870000 -0.8490200000 0.0380630000
0.0416639499 -0.0180056812 -0.0049775957 0.8192950000 -0.5729930000 0.0208420000
-0.0424970501 -0.0136286812 -0.0043835957 -0.9236850000 -0.3645420000 0.1179640000
0.0437219499 -0.0137176812 -0.0043915957 0.9231400000 -0.3843890000 0.0075810000
-0.0444360501 -0.0055226812 -0.0043555957 -0.9843120000 -0.1290410000 0.1203260000
0.0457909499 -0.0056466812 -0.0043635957 0.9917160000 -0.1283480000 -0.0051110000
-0.0446320501 0.0025053188 -0.0044705957 -0.9900050000 0.0683770000 0.1233520000
0.0461049499 0.0023443188 -0.0043075957 0.9982780000 0.0585900000 -0.0027360000
-0.0434520501 0.0104183188 -0.0044065957 -0.9679500000 0.2193750000 0.1222620000
0.0447689499 0.0104413188 -0.0046365957 0.9559640000 0.2932940000 0.0105340000
-0.0409020501 0.0177513188 -0.0045595957 -0.8838360000 0.4527500000 0.1176880000
-0.0379160501 0.0215643188 -0.0034885957 -0.7244930000 0.6807370000 0.1081990000
0.0322409499 0.0222493188 -0.0030345957 0.2230670000 0.9733500000 0.0531970000
0.0379499499 0.0203193188 -0.0045255957 0.5298330000 0.8471420000 0.0403530000
0.0423849499 0.0162313188 -0.0045595957 0.8310670000 0.5557300000 0.0221790000
-0.0345710501 0.0242433188 -0.0045775957 -0.4772560000 0.8745990000 0.0854570000
-0.0268610501 0.0260583188 -0.0044735957 -0.1675300000 0.9840610000 0.0596390000
-0.0188750501 0.0270133188 -0.0047205957 -0.0862120000 0.9946380000 0.0571170000
-0.0107540501 0.0273903188 -0.0043185957 -0.0218030000 0.9981340000 0.0570390000
-0.0029470501 0.0272803188 -0.0045225957 0.0387070000 0.9975450000 0.0583630000
0.0050519499 0.0267143188 -0.0046525957 0.0887930000 0.9941360000 0.0617150000
0.0130469499 0.0257653188 -0.0043515957 0.1258020000 0.9900080000 0.0636950000
0.0210819499 0.0245943188 -0.0046145957 0.1492950000 0.9868340000 0.0622000000
0.0287289499 0.0234183188 -0.0044545957 0.1743450000 0.9830440000 0.0568120000
0.0346639499 0.0228723188 -0.0048115957 0.2210150000 0.9739140000 0.0514120000
-0.0247980501 -0.0258126812 0.0030534043 -0.1320430000 -0.9898550000 0.0524590000
-0.0183520501 -0.0261336812 0.0032094043 -0.0947660000 -0.9940750000 0.0532340000
-0.0108370501 -0.0265926812 0.0035174043 -0.0426490000 -0.9973630000 0.0587190000
-0.0028810501 -0.0267246812 0.0036094043 0.0115390000 -0.9978650000 0.0642810000
0.0051119499 -0.0264596812 0.0036524043 0.0643890000 -0.9956830000 0.0668490000
0.0125779499 -0.0260236812 0.0031254043 0.0988080000 -0.9929050000 0.0661540000
0.0184659499 -0.0257396812 0.0019894043 0.1246580000 -0.9901120000 0.0643260000
-0.0394450501 -0.0182806812 0.0027014043 -0.7960820000 -0.5927640000 0.1219970000
-0.0352430501 -0.0219646812 0.0035524043 -0.5437030000 -0.8338500000 0.0953010000
-0.0272790501 -0.0247586812 0.0034874043 -0.1725580000 -0.9834530000 0.0551810000
-0.0211770501 -0.0253546812 0.0046874043 -0.1143480000 -0.9920760000 0.0520460000
0.0083809499 -0.0254636812 0.0057144043 0.0792570000 -0.9947290000 0.0650580000
0.0143279499 -0.0252706812 0.0045154043 0.1038970000 -0.9924800000 0.0647240000
0.0213139499 -0.0248076812 0.0037174043 0.1345720000 -0.9890790000 0.0601130000
0.0290609499 -0.0236566812 0.0034934043 0.1877550000 -0.9807530000 0.0535970000
0.0372979499 -0.0210736812 0.0035894043 0.5076450000 -0.8605820000 0.0411770000
0.0415119499 -0.0180416812 0.0036374043 0.8249390000 -0.5647600000 0.0228650000
-0.0414340501 -0.0136076812 0.0036314043 -0.9186220000 -0.3718060000 0.1337710000
0.0436439499 -0.0136936812 0.0035524043 0.9161980000 -0.4004570000 0.0146480000
-0.0433770501 -0.0056026812 0.0035804043 -0.9815410000 -0.1324890000 0.1379280000
0.0458189499 -0.0055916812 0.0036044043 0.9909630000 -0.1340990000 0.0030250000
-0.0436120501 0.0023103188 0.0034834043 -0.9883770000 0.0617490000 0.1389170000
0.0461179499 0.0024863188 0.0035284043 0.9969520000 0.0779060000 0.0040890000
-0.0423840501 0.0104973188 0.0035284043 -0.9652620000 0.2227090000 0.1366390000
0.0446489499 0.0104193188 0.0034094043 0.9506870000 0.3095810000 0.0188000000
-0.0402410501 0.0170813188 0.0031144043 -0.8934010000 0.4296590000 0.1312580000
-0.0375570501 0.0208863188 0.0040234043 -0.7631540000 0.6344030000 0.1229990000
0.0312579499 0.0220753188 0.0044284043 0.1942950000 0.9793250000 0.0563230000
0.0377949499 0.0200543188 0.0036474043 0.5125080000 0.8575300000 0.0444720000
0.0423209499 0.0160053188 0.0031944043 0.8175360000 0.5750410000 0.0310250000
-0.0337200501 0.0239963188 0.0034404043 -0.4839200000 0.8701020000 0.0935130000
-0.0269170501 0.0255963188 0.0033794043 -0.1752880000 0.9826880000 0.0599820000
-0.0188130501 0.0265313188 0.0034944043 -0.0877360000 0.9945730000 0.0559100000
-0.0109530501 0.0268823188 0.0036484043 -0.0219830000 0.9981110000 0.0573680000
-0.0029740501 0.0267523188 0.0035414043 0.0414170000 0.9973160000 0.0603840000
0.0051359499 0.0261473188 0.0034704043 0.0929330000 0.9936470000 0.0634770000
0.0131469499 0.0252553188 0.0035634043 0.1268180000 0.9897090000 0.0662760000
0.0210519499 0.0240903188 0.0034564043 0.1454170000 0.9872310000 0.0650220000
0.0282499499 0.0231383188 0.0034584043 0.1618890000 0.9850010000 0.0597110000
0.0345669499 0.0226663188 0.0031024043 0.2092980000 0.9765160000 0.0511000000
-0.0245260501 -0.0257096812 0.0090994043 -0.1181880000 -0.9914020000 0.0561500000
-0.0179000501 -0.0259346812 0.0109684043 -0.0878020000 -0.9943880000 0.0590250000
-0.0107890501 -0.0261716812 0.0114044043 -0.0383800000 -0.9972170000 0.0639130000
-0.0029120501 -0.0262326812 0.0115684043 0.0180370000 -0.9973970000 0.0698140000
0.0047739499 -0.0260596812 0.0112404043 0.0653670000 -0.9950000000 0.0755140000
0.0118249499 -0.0258196812 0.0106424043 0.0951830000 -0.9926500000 0.0747400000
-0.0391450501 -0.0181286812 0.0095074043 -0.7483810000 -0.6496930000 0.1335070000
-0.0350830501 -0.0210986812 0.0114444043 -0.6058590000 -0.7879100000 0.1101480000
-0.0270480501 -0.0244176812 0.0115554043 -0.1805270000 -0.9816760000 0.0610030000
-0.0196160501 -0.0251956812 0.0120464043 -0.1011540000 -0.9930920000 0.0594650000
-0.0122410501 -0.0254376812 0.0136034043 -0.0506530000 -0.9963370000 0.0689000000
-0.0013820501 -0.0254566812 0.0141034043 0.0280330000 -0.9967480000 0.0755430000
0.0063879499 -0.0253406812 0.0127714043 0.0721300000 -0.9942080000 0.0796740000
0.0135929499 -0.0250286812 0.0120594043 0.0994990000 -0.9918760000 0.0792530000
0.0210869499 -0.0243616812 0.0115284043 0.1259000000 -0.9894360000 0.0718760000
0.0290439499 -0.0231966812 0.0116024043 0.1784350000 -0.9821430000 0.0596260000
0.0372769499 -0.0207376812 0.0115774043 0.5008390000 -0.8644720000 0.0430030000
0.0415019499 -0.0177786812 0.0104104043 0.8188340000 -0.5732400000 0.0301100000
-0.0404090501 -0.0132026812 0.0114924043 -0.9204460000 -0.3615840000 0.1484470000
-0.0384420501 -0.0167536812 0.0134364043 -0.8539750000 -0.5005150000 0.1421650000
0.0434359499 -0.0137716812 0.0114064043 0.9084730000 -0.4173600000 0.0220620000
-0.0421930501 -0.0055946812 0.0115854043 -0.9790500000 -0.1314640000 0.1554940000
0.0457199499 -0.0056756812 0.0115114043 0.9898750000 -0.1411640000 0.0148630000
-0.0424190501 0.0024573188 0.0115234043 -0.9859320000 0.0648510000 0.1540530000
0.0460449499 0.0024083188 0.0115404043 0.9969450000 0.0768060000 0.0141760000
-0.0412160501 0.0104043188 0.0115144043 -0.9631760000 0.2223240000 0.1512060000
-0.0386310501 0.0139693188 0.0153044043 -0.8747150000 0.4569490000 0.1614640000
0.0444629499 0.0105333188 0.0115574043 0.9452140000 0.3257300000 0.0216930000
-0.0396200501 0.0159583188 0.0110054043 -0.9103590000 0.3875890000 0.1449860000
-0.0370170501 0.0198263188 0.0116594043 -0.7920940000 0.5952780000 0.1350210000
0.0244129499 0.0224093188 0.0139014043 0.1437970000 0.9875560000 0.0636800000
0.0296839499 0.0219023188 0.0118224043 0.1673680000 0.9840530000 0.0602260000
0.0375429499 0.0198113188 0.0116344043 0.4900270000 0.8703150000 0.0492490000
0.0420679499 0.0159293188 0.0113134043 0.8163800000 0.5765770000 0.0329110000
-0.0329930501 0.0236993188 0.0111234043 -0.5041340000 0.8575850000 0.1019690000
-0.0268880501 0.0251253188 0.0115714043 -0.1921220000 0.9793130000 0.0635260000
-0.0189640501 0.0260943188 0.0115164043 -0.0888800000 0.9943670000 0.0577530000
-0.0108980501 0.0264483188 0.0116974043 -0.0186900000 0.9979960000 0.0604470000
-0.0028460501 0.0262953188 0.0116904043 0.0461040000 0.9969670000 0.0626970000
0.0051199499 0.0256563188 0.0115444043 0.0962410000 0.9932110000 0.0653440000
0.0129639499 0.0246973188 0.0114544043 0.1287290000 0.9893310000 0.0682100000
0.0210059499 0.0235473188 0.0115154043 0.1423740000 0.9874350000 0.0685660000
0.0283019499 0.0230093188 0.0110974043 0.1522360000 0.9862340000 0.0645430000
0.0336209499 0.0225373188 0.0091094043 0.1913410000 0.9798710000 0.0569360000
-0.0172260501 -0.0257746812 0.0184564043 -0.0755140000 -0.9950150000 0.0651400000
-0.0105490501 -0.0259306812 0.0189424043 -0.0290150000 -0.9970280000 0.0713700000
-0.0030670501 -0.0259286812 0.0189434043 0.0240030000 -0.9968200000 0.0759810000
0.0040609499 -0.0258226812 0.0183764043 0.0693760000 -0.9942680000 0.0813490000
0.0096629499 -0.0256676812 0.0163154043 0.0876340000 -0.9921340000 0.0893850000
-0.0342530501 -0.0206426812 0.0194044043 -0.6297860000 -0.7668300000 0.1238610000
-0.0268610501 -0.0239396812 0.0194954043 -0.1950000000 -0.9785790000 0.0660180000
-0.0192020501 -0.0249006812 0.0197884043 -0.0946510000 -0.9933970000 0.0648430000
-0.0113150501 -0.0252436812 0.0200064043 -0.0379940000 -0.9969640000 0.0679620000
-0.0026350501 -0.0252676812 0.0201904043 0.0234420000 -0.9971190000 0.0721440000
0.0054509499 -0.0250436812 0.0199804043 0.0739940000 -0.9942250000 0.0777240000
0.0131299499 -0.0245606812 0.0194924043 0.0971880000 -0.9919010000 0.0817730000
0.0211249499 -0.0237126812 0.0195414043 0.1187830000 -0.9897280000 0.0795530000
0.0290909499 -0.0226396812 0.0195474043 0.1652760000 -0.9837990000 0.0694460000
0.0372479499 -0.0203226812 0.0194684043 0.4926680000 -0.8686850000 0.0516200000
0.0412789499 -0.0180306812 0.0203824043 0.8631320000 -0.5042110000 0.0278280000
-0.0396640501 -0.0119426812 0.0190124043 -0.9355420000 -0.3115350000 0.1664530000
-0.0379280501 -0.0155686812 0.0201594043 -0.8765450000 -0.4544740000 0.1585010000
0.0410049499 -0.0170736812 0.0203654043 0.7674960000 -0.6399590000 0.0374420000
0.0433089499 -0.0135506812 0.0194314043 0.9069260000 -0.4200670000 0.0320720000
-0.0408750501 -0.0055616812 0.0195364043 -0.9756660000 -0.1350740000 0.1727150000
0.0455499499 -0.0055356812 0.0196434043 0.9892460000 -0.1434380000 0.0286010000
-0.0411080501 0.0024123188 0.0194874043 -0.9833370000 0.0614950000 0.1710780000
0.0458719499 0.0024133188 0.0194904043 0.9959650000 0.0843910000 0.0305120000
-0.0400250501 0.0101253188 0.0193614043 -0.9621260000 0.2154260000 0.1670470000
-0.0385400501 0.0131173188 0.0218684043 -0.9330380000 0.3176320000 0.1689680000
0.0442729499 0.0104143188 0.0196194043 0.9413830000 0.3358950000 0.0312070000
-0.0391250501 0.0151613188 0.0169844043 -0.9259890000 0.3424570000 0.1589610000
-0.0363940501 0.0186443188 0.0196494043 -0.8267380000 0.5415970000 0.1522400000
0.0232719499 0.0222223188 0.0204524043 0.1402350000 0.9881850000 0.0618510000
0.0294009499 0.0216093188 0.0195924043 0.1585860000 0.9855090000 0.0601820000
0.0376259499 0.0192853188 0.0196124043 0.5010900000 0.8638090000 0.0523770000
0.0420089499 0.0156123188 0.0194024043 0.8044020000 0.5929380000 0.0369110000
-0.0323930501 0.0231853188 0.0191754043 -0.5561250000 0.8227500000 0.1175070000
-0.0268200501 0.0246683188 0.0196764043 -0.2160910000 0.9740180000 0.0677720000
-0.0187970501 0.0256023188 0.0194784043 -0.0885200000 0.9943800000 0.0580690000
-0.0107560501 0.0259073188 0.0198514043 -0.0153340000 0.9980860000 0.0599090000
-0.0028870501 0.0257483188 0.0196544043 0.0478760000 0.9969100000 0.0622780000
0.0050329499 0.0251233188 0.0195304043 0.0982050000 0.9931210000 0.0637620000
0.0131259499 0.0241773188 0.0195134043 0.1297390000 0.9895100000 0.0635390000
0.0203529499 0.0232223188 0.0194294043 0.1401340000 0.9881820000 0.0621250000
0.0279959499 0.0228353188 0.0188714043 0.1442420000 0.9876850000 0.0605970000
-0.0153210501 -0.0256226812 0.0241314043 -0.0627410000 -0.9956250000 0.0692370000
-0.0104740501 -0.0257106812 0.0256984043 -0.0246770000 -0.9972670000 0.0696430000
-0.0033560501 -0.0257076812 0.0256094043 0.0281560000 -0.9968660000 0.0739280000
0.0034519499 -0.0255766812 0.0241734043 0.0689320000 -0.9945780000 0.0778650000
-0.0335100501 -0.0200236812 0.0273174043 -0.6749240000 -0.7241030000 0.1419610000
-0.0268980501 -0.0234016812 0.0274664043 -0.2302900000 -0.9705790000 0.0703030000
-0.0188550501 -0.0245176812 0.0276314043 -0.0885210000 -0.9941300000 0.0622040000
-0.0109540501 -0.0249276812 0.0278024043 -0.0296930000 -0.9971530000 0.0693120000
-0.0027850501 -0.0249556812 0.0276954043 0.0284390000 -0.9968600000 0.0738980000
0.0051639499 -0.0246166812 0.0276734043 0.0750940000 -0.9942760000 0.0760040000
0.0131559499 -0.0239356812 0.0274604043 0.0983710000 -0.9922050000 0.0765040000
0.0211829499 -0.0230896812 0.0275554043 0.1129830000 -0.9909140000 0.0729720000
0.0291459499 -0.0220996812 0.0275534043 0.1541750000 -0.9860670000 0.0624650000
0.0369539499 -0.0200366812 0.0274664043 0.4663780000 -0.8828300000 0.0557080000
0.0413439499 -0.0177926812 0.0251994043 0.8691370000 -0.4936380000 0.0303760000
-0.0390850501 -0.0106226812 0.0249194043 -0.9471680000 -0.2643320000 0.1816630000
-0.0372280501 -0.0138326812 0.0277664043 -0.9044500000 -0.3874460000 0.1784830000
0.0407919499 -0.0171596812 0.0277384043 0.7489340000 -0.6611070000 0.0451190000
0.0430809499 -0.0134586812 0.0275764043 0.9050500000 -0.4237930000 0.0358390000
-0.0396090501 -0.0050726812 0.0269334043 -0.9736440000 -0.1275770000 0.1890540000
-0.0385370501 -0.0071576812 0.0298794043 -0.9665550000 -0.1670370000 0.1946030000
0.0452939499 -0.0056206812 0.0275614043 0.9890140000 -0.1439970000 0.0333990000
-0.0397190501 0.0023163188 0.0272964043 -0.9802600000 0.0573780000 0.1892060000
-0.0385930501 0.0041723188 0.0306884043 -0.9748470000 0.1034220000 0.1974260000
0.0456209499 0.0024003188 0.0276114043 0.9959960000 0.0810690000 0.0376920000
-0.0393470501 0.0084543188 0.0258334043 -0.9678640000 0.1727840000 0.1827180000
-0.0379900501 0.0113173188 0.0283514043 -0.9495570000 0.2521920000 0.1863880000
0.0439969499 0.0104353188 0.0274244043 0.9379800000 0.3446210000 0.0378270000
-0.0350000501 0.0184533188 0.0276594043 -0.8260590000 0.5385400000 0.1661350000
-0.0302440501 0.0217723188 0.0289034043 -0.5060540000 0.8549400000 0.1139600000
0.0219359499 0.0220053188 0.0280194043 0.1379210000 0.9886810000 0.0590570000
0.0292379499 0.0212763188 0.0275944043 0.1545100000 0.9863770000 0.0564570000
0.0376529499 0.0187743188 0.0276504043 0.5094880000 0.8585800000 0.0571180000
0.0418089499 0.0154133188 0.0269584043 0.7961230000 0.6035190000 0.0441900000
-0.0316030501 0.0229453188 0.0256714043 -0.5859290000 0.7995760000 0.1317780000
-0.0270060501 0.0240943188 0.0275364043 -0.2844910000 0.9550610000 0.0832060000
-0.0189850501 0.0251373188 0.0275594043 -0.0893290000 0.9941890000 0.0600640000
-0.0110280501 0.0255043188 0.0278194043 -0.0137730000 0.9979150000 0.0630530000
-0.0028350501 0.0252603188 0.0275694043 0.0502110000 0.9965490000 0.0660990000
0.0054109499 0.0245463188 0.0276894043 0.0996180000 0.9929160000 0.0647670000
0.0130689499 0.0236593188 0.0274904043 0.1276440000 0.9898480000 0.0625150000
0.0202899499 0.0230243188 0.0271844043 0.1387450000 0.9884530000 0.0609190000
0.0263599499 0.0226163188 0.0260094043 0.1392480000 0.9884380000 0.0600010000
-0.0324950501 -0.0194136812 0.0352414043 -0.7146910000 -0.6813990000 0.1578370000
-0.0269970501 -0.0226836812 0.0356054043 -0.3097620000 -0.9466930000 0.0884350000
-0.0188630501 -0.0240296812 0.0355864043 -0.0815340000 -0.9948290000 0.0605560000
-0.0108680501 -0.0244516812 0.0354904043 -0.0214660000 -0.9975730000 0.0662400000
-0.0028940501 -0.0244486812 0.0354864043 0.0318780000 -0.9968210000 0.0730240000
0.0051749499 -0.0240146812 0.0355574043 0.0740560000 -0.9945950000 0.0727780000
0.0131399499 -0.0233466812 0.0355544043 0.0946790000 -0.9932330000 0.0672630000
0.0210879499 -0.0225536812 0.0354834043 0.1061590000 -0.9924230000 0.0618670000
0.0291309499 -0.0216146812 0.0355704043 0.1489150000 -0.9873010000 0.0553340000
0.0367279499 -0.0196846812 0.0354704043 0.4629580000 -0.8843910000 0.0593460000
-0.0356990501 -0.0137076812 0.0355294043 -0.9026920000 -0.3856490000 0.1908450000
0.0405119499 -0.0168526812 0.0358144043 0.7473380000 -0.6618680000 0.0584470000
0.0428879499 -0.0130916812 0.0353974043 0.9037140000 -0.4248770000 0.0527290000
-0.0390600501 -0.0027666812 0.0321064043 -0.9757310000 -0.0828050000 0.2027130000
-0.0376790501 -0.0057146812 0.0357184043 -0.9683810000 -0.1369850000 0.2085010000
0.0449429499 -0.0055976812 0.0356424043 0.9890460000 -0.1378830000 0.0526910000
-0.0390220501 0.0008993188 0.0321824043 -0.9788550000 0.0223740000 0.2033270000
-0.0379380501 0.0024943188 0.0357824043 -0.9756360000 0.0583250000 0.2115030000
0.0452379499 0.0023693188 0.0355414043 0.9950800000 0.0824670000 0.0549040000
-0.0367960501 0.0103113188 0.0356394043 -0.9533110000 0.2230330000 0.2036060000
0.0436549499 0.0104253188 0.0354354043 0.9329820000 0.3556400000 0.0553620000
-0.0337150501 0.0179773188 0.0356404043 -0.8389750000 0.5123980000 0.1832170000
-0.0297860501 0.0216223188 0.0365754043 -0.5786630000 0.8035510000 0.1394810000
0.0156639499 0.0223013188 0.0368224043 0.1293390000 0.9902100000 0.0524860000
0.0212079499 0.0217533188 0.0357204043 0.1339670000 0.9896230000 0.0519490000
0.0291779499 0.0209603188 0.0354284043 0.1529310000 0.9869080000 0.0512360000
0.0376459499 0.0182283188 0.0355014043 0.5183200000 0.8531260000 0.0593330000
0.0415089499 0.0150213188 0.0350034043 0.8174480000 0.5731530000 0.0572160000
-0.0266410501 0.0236393188 0.0353414043 -0.3428300000 0.9341990000 0.0986880000
-0.0186770501 0.0246183188 0.0355944043 -0.0846440000 0.9943900000 0.0634330000
-0.0107800501 0.0249483188 0.0356044043 -0.0075640000 0.9976870000 0.0675510000
-0.0027990501 0.0246643188 0.0355904043 0.0507550000 0.9963400000 0.0687770000
0.0050799499 0.0240783188 0.0355514043 0.0944550000 0.9934220000 0.0647360000
0.0128619499 0.0232563188 0.0354064043 0.1234410000 0.9906220000 0.0585600000
0.0206049499 0.0228863188 0.0350454043 0.1345260000 0.9894110000 0.0544800000
-0.0317180501 -0.0185306812 0.0426514043 -0.7599700000 -0.6210060000 0.1918270000
-0.0271420501 -0.0216576812 0.0436604043 -0.4343890000 -0.8914560000 0.1288910000
-0.0188310501 -0.0235416812 0.0435444043 -0.0790150000 -0.9951570000 0.0584770000
-0.0108290501 -0.0239226812 0.0434824043 -0.0147850000 -0.9977620000 0.0652080000
-0.0028360501 -0.0238886812 0.0435344043 0.0301380000 -0.9973550000 0.0661400000
0.0051549499 -0.0235026812 0.0435104043 0.0692120000 -0.9959030000 0.0581900000
0.0132169499 -0.0228546812 0.0436054043 0.0901850000 -0.9945910000 0.0515330000
0.0211209499 -0.0220876812 0.0435444043 0.1025790000 -0.9934260000 0.0508180000
0.0291699499 -0.0211856812 0.0435724043 0.1508280000 -0.9872350000 0.0511660000
0.0363089499 -0.0193946812 0.0434404043 0.4542350000 -0.8886600000 0.0628780000
-0.0338780501 -0.0136476812 0.0436544043 -0.8931690000 -0.3652810000 0.2623330000
0.0401509499 -0.0165286812 0.0439094043 0.7475660000 -0.6607340000 0.0676380000
0.0425969499 -0.0126696812 0.0433564043 0.9108050000 -0.4072250000 0.0678420000
-0.0357450501 -0.0056476812 0.0438004043 -0.9431090000 -0.1182980000 0.3107280000
0.0444549499 -0.0055876812 0.0435524043 0.9881160000 -0.1368720000 0.0699520000
-0.0359880501 0.0023493188 0.0438244043 -0.9449090000 0.0480810000 0.3237830000
0.0447529499 0.0023413188 0.0435544043 0.9940590000 0.0830190000 0.0703830000
-0.0348770501 0.0103253188 0.0437934043 -0.9301560000 0.2088780000 0.3019590000
0.0408909499 0.0140833188 0.0453084043 0.8447120000 0.5303520000 0.0720250000
0.0431989499 0.0101833188 0.0435154043 0.9344130000 0.3493210000 0.0696290000
-0.0325190501 0.0170903188 0.0435344043 -0.8557300000 0.4538710000 0.2484500000
-0.0291260501 0.0209243188 0.0442374043 -0.6681380000 0.7159180000 0.2026140000
0.0142719499 0.0221603188 0.0438314043 0.1190030000 0.9918020000 0.0465610000
0.0214419499 0.0214993188 0.0436134043 0.1325440000 0.9902760000 0.0422540000
0.0292029499 0.0205413188 0.0436294043 0.1599140000 0.9861150000 0.0447660000
0.0377479499 0.0176143188 0.0435044043 0.5558950000 0.8287210000 0.0648260000
0.0413499499 0.0147633188 0.0428674043 0.7954790000 0.6024630000 0.0651990000
-0.0255230501 0.0233833188 0.0429474043 -0.3571410000 0.9273270000 0.1118700000
-0.0190430501 0.0241163188 0.0436584043 -0.0931680000 0.9931240000 0.0708830000
-0.0108750501 0.0244293188 0.0434044043 -0.0074490000 0.9972800000 0.0733310000
-0.0027810501 0.0241993188 0.0435564043 0.0467640000 0.9967340000 0.0658290000
0.0051809499 0.0235543188 0.0436834043 0.0866460000 0.9946410000 0.0564130000
0.0121289499 0.0231043188 0.0433744043 0.1132220000 0.9923780000 0.0486390000
0.0190189499 0.0227213188 0.0429204043 0.1300140000 0.9905100000 0.0445570000
-0.0311240501 -0.0182286812 0.0484384043 -0.7687030000 -0.5490440000 0.3280940000
-0.0263970501 -0.0204226812 0.0513584043 -0.6085910000 -0.7335540000 0.3025170000
-0.0192240501 -0.0232636812 0.0514394043 -0.1652680000 -0.9858130000 0.0293080000
-0.0107770501 -0.0235576812 0.0510064043 0.0008780000 -1.0000000000 0.0002030000
-0.0028390501 -0.0234606812 0.0514164043 0.0303780000 -0.9990150000 0.0323530000
0.0052039499 -0.0231186812 0.0514054043 0.0611330000 -0.9976080000 0.0322750000
0.0131249499 -0.0225466812 0.0514734043 0.0870610000 -0.9957910000 0.0286400000
0.0210929499 -0.0217696812 0.0515414043 0.1070330000 -0.9938040000 0.0299600000
0.0291469499 -0.0208116812 0.0515494043 0.1630720000 -0.9857080000 0.0422750000
0.0358779499 -0.0190836812 0.0513644043 0.4638780000 -0.8831510000 0.0697220000
-0.0320270501 -0.0126746812 0.0495074043 -0.8561420000 -0.2733960000 0.4384920000
-0.0294680501 -0.0143896812 0.0529034043 -0.8279460000 -0.3446800000 0.4423810000
0.0398529499 -0.0158656812 0.0517094043 0.7669060000 -0.6357160000 0.0878620000
0.0422709499 -0.0119576812 0.0512984043 0.9195680000 -0.3827620000 0.0888160000
-0.0326410501 -0.0054036812 0.0509574043 -0.8875710000 -0.1016090000 0.4493260000
-0.0304560501 -0.0064926812 0.0546644043 -0.8957970000 -0.1300060000 0.4250260000
0.0437999499 -0.0056236812 0.0515084043 0.9864990000 -0.1392350000 0.0862120000
-0.0327110501 0.0022513188 0.0510934043 -0.8939590000 0.0458030000 0.4458020000
-0.0305710501 0.0033043188 0.0548794043 -0.9058340000 0.0692990000 0.4179270000
0.0441049499 0.0022573188 0.0515574043 0.9936140000 0.0727360000 0.0862650000
-0.0322500501 0.0099383188 0.0501644043 -0.8753250000 0.1708240000 0.4523560000
-0.0299540501 0.0111563188 0.0538294043 -0.8725640000 0.2190030000 0.4366570000
0.0407469499 0.0138043188 0.0522914043 0.8391990000 0.5363710000 0.0897260000
0.0426999499 0.0098833188 0.0513234043 0.9329750000 0.3490520000 0.0878630000
-0.0315410501 0.0158643188 0.0485994043 -0.8440230000 0.3254290000 0.4262870000
-0.0279450501 0.0185693188 0.0518534043 -0.7678390000 0.4958450000 0.4056620000
-0.0219980501 0.0221103188 0.0544304043 -0.4139130000 0.8930090000 0.1766660000
0.0081439499 0.0223513188 0.0528484043 0.0869130000 0.9950450000 0.0482870000
0.0136359499 0.0219593188 0.0515984043 0.1108000000 0.9930180000 0.0404860000
0.0212499499 0.0213283188 0.0514454043 0.1298720000 0.9909140000 0.0349760000
0.0291999499 0.0202133188 0.0516924043 0.1741180000 0.9838090000 0.0424510000
0.0372779499 0.0172593188 0.0514324043 0.5694420000 0.8187760000 0.0730910000
-0.0244380501 0.0230143188 0.0504594043 -0.4780240000 0.8502620000 0.2203370000
-0.0188540501 0.0238863188 0.0515594043 -0.1686360000 0.9849110000 0.0388870000
-0.0108220501 0.0238753188 0.0508714043 0.0153120000 0.9997120000 -0.0184840000
-0.0029640501 0.0236413188 0.0512004043 0.0453840000 0.9982460000 0.0380190000
0.0049279499 0.0232723188 0.0513774043 0.0746560000 0.9958420000 0.0522100000
0.0126279499 0.0229963188 0.0513174043 0.1057030000 0.9934990000 0.0422730000
0.0180619499 0.0225393188 0.0503614043 0.1239990000 0.9915550000 0.0379870000
-0.0091120501 -0.0258956812 0.0607034043 -0.1216130000 -0.9920010000 -0.0338220000
-0.0037980501 -0.0262276812 0.0620704043 -0.0727260000 -0.9958130000 -0.0553790000
0.0034809499 -0.0262716812 0.0628394043 0.0620930000 -0.9485390000 -0.3105110000
-0.0242470501 -0.0191206812 0.0578944043 -0.6969470000 -0.5945210000 0.4010100000
-0.0192250501 -0.0221466812 0.0597154043 -0.4977120000 -0.8277710000 0.2589930000
-0.0117790501 -0.0248636812 0.0602784043 -0.2089720000 -0.9769300000 0.0440350000
-0.0020860501 -0.0236966812 0.0569634043 0.0749830000 -0.9843140000 -0.1596950000
0.0054999499 -0.0232126812 0.0577204043 0.0793990000 -0.9937560000 -0.0783830000
0.0132849499 -0.0225906812 0.0584074043 0.1018930000 -0.9932210000 -0.0559450000
0.0213219499 -0.0216606812 0.0590254043 0.1229250000 -0.9923110000 -0.0144650000
0.0292769499 -0.0205076812 0.0594554043 0.1966410000 -0.9802030000 0.0231120000
0.0353079499 -0.0187806812 0.0592594043 0.4876100000 -0.8703210000 0.0691220000
-0.0264110501 -0.0137296812 0.0594574043 -0.8328560000 -0.3820310000 0.4005050000
-0.0225160501 -0.0171126812 0.0628304043 -0.7453330000 -0.5547980000 0.3697000000
0.0393279499 -0.0151296812 0.0596874043 0.7850220000 -0.6108450000 0.1029990000
0.0418259499 -0.0111746812 0.0589444043 0.9276670000 -0.3561610000 0.1121700000
-0.0309480501 -0.0057236812 0.0566584043 -0.8932110000 -0.1709870000 0.4158570000
-0.0286210501 -0.0056696812 0.0594694043 -0.9151930000 -0.1392810000 0.3781840000
0.0429889499 -0.0056956812 0.0595734043 0.9827330000 -0.1484350000 0.1104670000
-0.0288980501 0.0024083188 0.0594034043 -0.9259560000 0.0568950000 0.3733200000
0.0433239499 0.0024033188 0.0594364043 0.9912840000 0.0792370000 0.1052510000
-0.0275380501 0.0103743188 0.0595614043 -0.8922510000 0.2364000000 0.3847120000
0.0403039499 0.0129013188 0.0599884043 0.8555110000 0.5069870000 0.1051930000
0.0421749499 0.0090783188 0.0591604043 0.9402280000 0.3216000000 0.1120020000
-0.0251130501 0.0173833188 0.0586704043 -0.7883760000 0.4610930000 0.4072560000
-0.0212460501 0.0204773188 0.0609734043 -0.6718540000 0.6441180000 0.3656840000
0.0074329499 0.0223143188 0.0576494043 0.1178960000 0.9870620000 -0.1086700000
0.0135419499 0.0219103188 0.0587234043 0.1387760000 0.9837170000 -0.1141980000
0.0212969499 0.0211903188 0.0592294043 0.1490530000 0.9873290000 -0.0544520000
0.0293349499 0.0199473188 0.0594124043 0.1985580000 0.9800840000 0.0032200000
0.0369179499 0.0167843188 0.0593704043 0.6030350000 0.7947070000 0.0692000000
-0.0181500501 0.0237933188 0.0591104043 -0.4544510000 0.8609490000 0.2285640000
-0.0111580501 0.0253533188 0.0597804043 -0.1585480000 0.9870850000 -0.0229500000
-0.0030470501 0.0252523188 0.0598704043 0.0410670000 0.9761270000 -0.2132830000
0.0048479499 0.0237993188 0.0592134043 0.1326610000 0.9559930000 -0.2616860000
0.0125469499 0.0230913188 0.0595814043 0.1452790000 0.9722460000 -0.1833880000
0.0179179499 0.0228553188 0.0626754043 0.2003910000 0.9233800000 -0.3274340000
-0.0080150501 -0.0257826812 0.0664024043 -0.1834510000 -0.9802110000 0.0743780000
-0.0024320501 -0.0261926812 0.0672824043 -0.1105020000 -0.9924880000 0.0525000000
0.0048499499 -0.0266846812 0.0679614043 -0.0355670000 -0.9989380000 0.0292750000
0.0127279499 -0.0266886812 0.0691584043 0.0491150000 -0.9986030000 0.0195050000
0.0199839499 -0.0261776812 0.0702124043 0.1461170000 -0.9892110000 -0.0105820000
-0.0179170501 -0.0203836812 0.0670824043 -0.6306210000 -0.7220450000 0.2845490000
-0.0113380501 -0.0241866812 0.0677264043 -0.3384150000 -0.9316060000 0.1326090000
-0.0055620501 -0.0253326812 0.0688124043 -0.1638340000 -0.9842170000 0.0668990000
0.0148859499 -0.0247836812 0.0647074043 0.1991260000 -0.8571680000 -0.4749860000
0.0223129499 -0.0240456812 0.0671074043 0.2208970000 -0.9188500000 -0.3269850000
0.0295089499 -0.0222256812 0.0675044043 0.3075360000 -0.9081290000 -0.2841180000
0.0357369499 -0.0193736812 0.0676944043 0.5712660000 -0.7855470000 -0.2378460000
-0.0241380501 -0.0122776812 0.0667294043 -0.8617180000 -0.4072750000 0.3026020000
-0.0215090501 -0.0156496812 0.0683684043 -0.7803160000 -0.5578570000 0.2826700000
0.0395009499 -0.0148346812 0.0663204043 0.8383740000 -0.5301660000 -0.1266990000
0.0418679499 -0.0114216812 0.0680974043 0.9220220000 -0.3326240000 -0.1980830000
-0.0257830501 -0.0056596812 0.0674974043 -0.9468070000 -0.1795510000 0.2670530000
0.0429799499 -0.0055606812 0.0671454043 0.9776160000 -0.1475110000 -0.1500250000
-0.0262000501 0.0023253188 0.0673894043 -0.9641660000 0.0619350000 0.2579690000
0.0433559499 0.0023703188 0.0672184043 0.9849180000 0.0736210000 -0.1565780000
-0.0248020501 0.0100853188 0.0672044043 -0.9166960000 0.2840890000 0.2810010000
-0.0222930501 0.0135343188 0.0698804043 -0.8473730000 0.4654140000 0.2556330000
0.0402439499 0.0126413188 0.0659844043 0.8704060000 0.4754430000 -0.1278560000
0.0421889499 0.0092563188 0.0677764043 0.9302930000 0.3079530000 -0.1992980000
-0.0234210501 0.0153813188 0.0651754043 -0.8294150000 0.4483250000 0.3332790000
-0.0195410501 0.0187503188 0.0676874043 -0.7206760000 0.6267070000 0.2964200000
-0.0143080501 0.0216453188 0.0692124043 -0.5490610000 0.8052160000 0.2239630000
0.0229449499 0.0217203188 0.0645824043 0.2238270000 0.8911860000 -0.3945740000
0.0298709499 0.0208313188 0.0665584043 0.2992770000 0.8963260000 -0.3271580000
0.0369579499 0.0173813188 0.0677314043 0.6427750000 0.7247710000 -0.2480880000
-0.0160250501 0.0232403188 0.0657024043 -0.5663990000 0.7734980000 0.2844170000
-0.0111740501 0.0246993188 0.0675054043 -0.3556560000 0.9220450000 0.1527780000
-0.0030450501 0.0262213188 0.0675764043 -0.1155390000 0.9919180000 0.0524380000
0.0050109499 0.0265903188 0.0679194043 -0.0034940000 0.9996990000 -0.0242710000
0.0130009499 0.0260833188 0.0682204043 0.1033610000 0.9858590000 -0.1319010000
0.0206279499 0.0248483188 0.0686474043 0.2058610000 0.9480820000 -0.2424100000
0.0277119499 0.0233583188 0.0698284043 0.3013500000 0.9099430000 -0.2849430000
-0.0074790501 -0.0256436812 0.0722704043 -0.2024340000 -0.9765030000 0.0739040000
-0.0017570501 -0.0259636812 0.0749144043 -0.1087930000 -0.9922060000 0.0607570000
0.0051339499 -0.0262546812 0.0754424043 -0.0253000000 -0.9973100000 0.0688020000
0.0129719499 -0.0261896812 0.0752754043 0.0614750000 -0.9928050000 0.1027560000
0.0199099499 -0.0259056812 0.0739334043 0.1312370000 -0.9820230000 0.1356770000
0.0256129499 -0.0255576812 0.0721074043 0.2195000000 -0.9752630000 0.0261020000
-0.0166050501 -0.0191366812 0.0751844043 -0.6708120000 -0.7323120000 0.1171780000
-0.0110300501 -0.0231766812 0.0754484043 -0.4495370000 -0.8876960000 0.0995630000
-0.0041730501 -0.0251486812 0.0761574043 -0.1603000000 -0.9849270000 0.0649880000
0.0042559499 -0.0254546812 0.0784324043 -0.0341320000 -0.9969670000 0.0699350000
0.0147179499 -0.0253736812 0.0779244043 0.0917190000 -0.9895760000 0.1110280000
0.0218799499 -0.0249276812 0.0764314043 0.1668900000 -0.9733510000 0.1572750000
0.0291679499 -0.0234586812 0.0757674043 0.3059370000 -0.9338280000 0.1853870000
0.0363769499 -0.0200856812 0.0757924043 0.5756090000 -0.7931520000 0.1989600000
-0.0231970501 -0.0104266812 0.0739814043 -0.9054170000 -0.4031530000 0.1329970000
-0.0206580501 -0.0142206812 0.0755504043 -0.8184950000 -0.5667130000 0.0943530000
0.0401099499 -0.0161686812 0.0767774043 0.7761220000 -0.5799900000 0.2474820000
0.0425089499 -0.0125846812 0.0758434043 0.9014450000 -0.4040800000 0.1552940000
-0.0243100501 -0.0056606812 0.0753874043 -0.9732610000 -0.2205560000 0.0641680000
-0.0227900501 -0.0090766812 0.0772014043 -0.9282770000 -0.3711080000 0.0240840000
0.0444279499 -0.0057666812 0.0762124043 0.9762930000 -0.1733700000 0.1295930000
-0.0248330501 0.0024203188 0.0752644043 -0.9958770000 0.0705230000 0.0570630000
0.0448559499 0.0023853188 0.0761754043 0.9889690000 0.0852980000 0.1211000000
-0.0236810501 0.0088183188 0.0752244043 -0.9542240000 0.2902950000 0.0720150000
-0.0219740501 0.0126413188 0.0756414043 -0.8870640000 0.4539430000 0.0839830000
0.0408139499 0.0136443188 0.0786444043 0.8076970000 0.4914590000 0.3257190000
0.0432139499 0.0102183188 0.0759024043 0.9234420000 0.3541020000 0.1478720000
-0.0183100501 0.0177353188 0.0751804043 -0.7429790000 0.6585750000 0.1194200000
-0.0135130501 0.0216493188 0.0760374043 -0.5883140000 0.8008110000 0.1121990000
0.0313979499 0.0217793188 0.0767934043 0.3827100000 0.9010600000 0.2040220000
0.0376129499 0.0182823188 0.0760024043 0.6409780000 0.7451280000 0.1842060000
0.0414599499 0.0150973188 0.0747774043 0.8211170000 0.5590270000 0.1151340000
-0.0101070501 0.0241473188 0.0751884043 -0.4382960000 0.8910300000 0.1181580000
-0.0028980501 0.0256963188 0.0754694043 -0.1356120000 0.9881720000 0.0715990000
0.0050619499 0.0262143188 0.0757054043 -0.0229180000 0.9972110000 0.0710260000
0.0130549499 0.0259713188 0.0755914043 0.0682150000 0.9931820000 0.0945290000
0.0210779499 0.0249403188 0.0756834043 0.1651850000 0.9777000000 0.1296760000
0.0281959499 0.0235133188 0.0749954043 0.2842340000 0.9499310000 0.1297790000
0.0335879499 0.0229173188 0.0737414043 0.3635680000 0.9315080000 0.0105160000
-0.0009010501 -0.0257986812 0.0828814043 -0.0872650000 -0.9940860000 0.0646290000
0.0052869499 -0.0259126812 0.0828624043 0.0008090000 -0.9970690000 0.0765070000
0.0119069499 -0.0258366812 0.0820744043 0.0884630000 -0.9906250000 0.1041020000
0.0172729499 -0.0255736812 0.0803434043 0.1443600000 -0.9807890000 0.1311990000
-0.0168630501 -0.0193106812 0.0838934043 -0.6116160000 -0.7813360000 -0.1242570000
-0.0107530501 -0.0229806812 0.0835604043 -0.3763970000 -0.9262660000 0.0188870000
-0.0032800501 -0.0249036812 0.0837954043 -0.1455970000 -0.9872760000 0.0639280000
0.0050449499 -0.0252946812 0.0845234043 -0.0054170000 -0.9971340000 0.0754660000
0.0136009499 -0.0250616812 0.0841104043 0.1144580000 -0.9872750000 0.1103930000
0.0212209499 -0.0239716812 0.0836144043 0.2158120000 -0.9633070000 0.1595750000
0.0292749499 -0.0214566812 0.0835834043 0.3937530000 -0.8865450000 0.2428910000
0.0348439499 -0.0188276812 0.0826084043 0.5810520000 -0.7534290000 0.3077730000
-0.0238070501 -0.0111596812 0.0845644043 -0.8370000000 -0.4557300000 -0.3028880000
-0.0207730501 -0.0146686812 0.0827254043 -0.7808640000 -0.5965250000 -0.1854990000
0.0384729499 -0.0141746812 0.0838864043 0.7741380000 -0.5336360000 0.3405040000
0.0418199499 -0.0109146812 0.0810434043 0.8772910000 -0.3502330000 0.3281740000
-0.0251940501 -0.0056416812 0.0831054043 -0.9295240000 -0.2346080000 -0.2845070000
-0.0228140501 -0.0092596812 0.0797674043 -0.9221100000 -0.3797530000 -0.0741730000
0.0406119499 -0.0078926812 0.0863134043 0.8897390000 -0.3050910000 0.3395340000
0.0425809499 -0.0052136812 0.0832034043 0.9284090000 -0.1878830000 0.3205560000
-0.0257740501 0.0023483188 0.0831384043 -0.9492050000 0.0721460000 -0.3062760000
0.0408819499 0.0052883188 0.0871504043 0.9095730000 0.2351880000 0.3425840000
0.0428679499 0.0022213188 0.0835604043 0.9413010000 0.1054780000 0.3206660000
-0.0243270501 0.0094913188 0.0837604043 -0.8920890000 0.3441770000 -0.2927800000
-0.0220830501 0.0129003188 0.0819334043 -0.8592130000 0.4803000000 -0.1762530000
0.0396959499 0.0113943188 0.0844514043 0.8317730000 0.4380130000 0.3410260000
0.0420709499 0.0086553188 0.0819084043 0.8859830000 0.3246870000 0.3310780000
-0.0233070501 0.0148293188 0.0871584043 -0.7763680000 0.5657340000 -0.2778450000
-0.0186390501 0.0178843188 0.0834304043 -0.7076970000 0.6858470000 -0.1696450000
-0.0135770501 0.0218013188 0.0832354043 -0.5342260000 0.8438740000 -0.0497820000
0.0241419499 0.0222293188 0.0858154043 0.3213500000 0.9266680000 0.1949870000
0.0296699499 0.0207033188 0.0838714043 0.4039900000 0.8838580000 0.2357690000
0.0361799499 0.0168093188 0.0832054043 0.6416210000 0.7013540000 0.3105230000
-0.0097290501 0.0237373188 0.0835594043 -0.3558680000 0.9338680000 0.0353410000
-0.0027530501 0.0251413188 0.0834654043 -0.1377060000 0.9879180000 0.0710930000
0.0052279499 0.0255763188 0.0837344043 -0.0066890000 0.9969800000 0.0773710000
0.0131099499 0.0251333188 0.0834834043 0.1054970000 0.9890650000 0.1030550000
0.0208269499 0.0237863188 0.0834564043 0.2160830000 0.9647620000 0.1501410000
0.0264149499 0.0229903188 0.0813954043 0.2844250000 0.9392640000 0.1920580000
-0.0003040501 -0.0256076812 0.0886094043 -0.0646890000 -0.9955690000 0.0682470000
0.0046829499 -0.0256956812 0.0893424043 0.0149020000 -0.9967450000 0.0792320000
0.0091879499 -0.0257116812 0.0881394043 0.0875100000 -0.9914820000 0.0964680000
-0.0177670501 -0.0194706812 0.0916294043 -0.5156150000 -0.8568060000 0.0049360000
-0.0108880501 -0.0226596812 0.0915194043 -0.3169120000 -0.9473530000 0.0457160000
-0.0029140501 -0.0245236812 0.0916024043 -0.1299620000 -0.9895820000 0.0619410000
0.0052099499 -0.0249696812 0.0918194043 0.0216570000 -0.9963610000 0.0824340000
0.0132439499 -0.0243486812 0.0916034043 0.1534890000 -0.9809240000 0.1192840000
0.0211919499 -0.0225886812 0.0916034043 0.2912150000 -0.9390360000 0.1827700000
0.0285989499 -0.0196406812 0.0911554043 0.4807490000 -0.8339140000 0.2710490000
0.0335409499 -0.0178216812 0.0881194043 0.6281210000 -0.7075240000 0.3238420000
-0.0251570501 -0.0127836812 0.0919524043 -0.7874790000 -0.6092980000 -0.0929120000
-0.0217050501 -0.0165036812 0.0914354043 -0.6611130000 -0.7484860000 -0.0519440000
0.0319019499 -0.0165086812 0.0933214043 0.6319940000 -0.7017180000 0.3289010000
0.0359259499 -0.0131986812 0.0911384043 0.7644960000 -0.5391600000 0.3533440000
-0.0286610501 -0.0057406812 0.0918574043 -0.9426270000 -0.2870980000 -0.1703810000
0.0391479499 -0.0058476812 0.0918494043 0.8989950000 -0.2513680000 0.3586400000
0.0414589499 -0.0037046812 0.0886414043 0.9315030000 -0.1212720000 0.3429210000
-0.0294080501 0.0023323188 0.0919594043 -0.9784220000 0.0913900000 -0.1853050000
0.0396379499 0.0025183188 0.0920894043 0.9232700000 0.1342620000 0.3599260000
0.0414419499 0.0012253188 0.0888204043 0.9346200000 0.0837600000 0.3456450000
-0.0266150501 0.0105553188 0.0917004043 -0.8705610000 0.4711680000 -0.1418590000
0.0372629499 0.0103223188 0.0915554043 0.8250540000 0.4417830000 0.3522970000
-0.0235920501 0.0152323188 0.0922024043 -0.7454130000 0.6624320000 -0.0744560000
-0.0190430501 0.0188303188 0.0915374043 -0.5935070000 0.8047380000 -0.0120570000
-0.0130430501 0.0218693188 0.0916034043 -0.3772780000 0.9248280000 0.0485250000
0.0225509499 0.0215743188 0.0923054043 0.3330650000 0.9235650000 0.1899900000
0.0294569499 0.0184283188 0.0916954043 0.5071110000 0.8185570000 0.2698200000
0.0342899499 0.0155223188 0.0901354043 0.6650810000 0.6725950000 0.3244730000
-0.0095710501 0.0233683188 0.0915474043 -0.2918860000 0.9551670000 0.0495740000
-0.0028110501 0.0245893188 0.0914634043 -0.1348370000 0.9890240000 0.0604240000
0.0051729499 0.0249453188 0.0919244043 0.0123590000 0.9970450000 0.0758220000
0.0131449499 0.0242383188 0.0915374043 0.1491720000 0.9825990000 0.1106630000
0.0194829499 0.0231373188 0.0907664043 0.2563060000 0.9538110000 0.1566930000
-0.0172500501 -0.0191176812 0.0988574043 -0.5019250000 -0.7558450000 0.4204390000
-0.0108820501 -0.0212366812 0.1004054043 -0.3526480000 -0.7919680000 0.4984240000
-0.0029640501 -0.0236896812 0.1001584043 -0.1532350000 -0.9329500000 0.3257650000
0.0050599499 -0.0243026812 0.0998804043 0.0351500000 -0.9766640000 0.2118750000
0.0131119499 -0.0233526812 0.0996854043 0.2048770000 -0.9599210000 0.1912520000
0.0212229499 -0.0208166812 0.0996204043 0.3881910000 -0.8868670000 0.2505500000
0.0267079499 -0.0185096812 0.0982274043 0.5232950000 -0.7992320000 0.2956190000
-0.0248640501 -0.0121736812 0.0981824043 -0.6799510000 -0.4632510000 0.5683890000
-0.0195270501 -0.0142176812 0.1010054043 -0.5195020000 -0.4297470000 0.7385360000
-0.0138510501 -0.0166336812 0.1030544043 -0.4169900000 -0.4678000000 0.7792840000
0.0302389499 -0.0146066812 0.1001574043 0.6705730000 -0.6448290000 0.3667800000
0.0342649499 -0.0112596812 0.0979184043 0.7868940000 -0.4892530000 0.3760700000
-0.0264860501 -0.0054626812 0.0992484043 -0.6583920000 -0.1889050000 0.7285840000
-0.0214720501 -0.0063276812 0.1026054043 -0.5648800000 -0.1946730000 0.8018810000
0.0327309499 -0.0091196812 0.1031684043 0.7805020000 -0.4227720000 0.4605220000
0.0359789499 -0.0056796812 0.0995604043 0.8755850000 -0.2667880000 0.4027090000
-0.0310510501 0.0004753188 0.0969674043 -0.5879630000 0.0258970000 0.8084730000
-0.0267340501 0.0022753188 0.0994884043 -0.6486880000 0.0725310000 0.7575900000
-0.0219270501 0.0028333188 0.1028694043 -0.5878510000 0.0864620000 0.8043360000
0.0366859499 0.0023093188 0.0995424043 0.9046940000 0.1317400000 0.4051840000
-0.0255840501 0.0097543188 0.0987884043 -0.6531140000 0.2939300000 0.6978880000
-0.0203810501 0.0109803188 0.1019964043 -0.5309420000 0.2860320000 0.7976750000
-0.0147790501 0.0143303188 0.1032524043 -0.4533490000 0.4299520000 0.7807790000
0.0316879499 0.0123243188 0.1009544043 0.7198120000 0.5670320000 0.4004310000
0.0347809499 0.0091543188 0.0988854043 0.8171550000 0.4291340000 0.3848410000
-0.0235760501 0.0151643188 0.0977294043 -0.6823000000 0.5566050000 0.4739800000
-0.0183990501 0.0173153188 0.0999564043 -0.5239510000 0.5641930000 0.6380920000
-0.0118730501 0.0202283188 0.1014014043 -0.3851900000 0.6602780000 0.6447180000
-0.0049340501 0.0216463188 0.1031224043 -0.2347180000 0.7205170000 0.6525050000
0.0159029499 0.0220183188 0.1013164043 0.2695260000 0.9274860000 0.2590860000
0.0214979499 0.0203623188 0.0997694043 0.3876520000 0.8817300000 0.2688460000
0.0283279499 0.0165673188 0.0990904043 0.5766190000 0.7496020000 0.3249710000
-0.0090940501 0.0231223188 0.0990134043 -0.3073520000 0.9031420000 0.2997830000
-0.0028680501 0.0239443188 0.0999254043 -0.1614950000 0.9390830000 0.3033840000
0.0050439499 0.0242693188 0.1000004043 0.0194390000 0.9718000000 0.2350050000
0.0125459499 0.0234483188 0.0993314043 0.1822620000 0.9654490000 0.1862490000
0.0181259499 0.0228673188 0.0977824043 0.2766640000 0.9434840000 0.1824690000
-0.0087300501 -0.0186876812 0.1044154043 -0.3274460000 -0.5710200000 0.7528050000
-0.0024610501 -0.0198636812 0.1056644043 -0.2023610000 -0.6710260000 0.7132840000
0.0051259499 -0.0203956812 0.1064284043 -0.0128670000 -0.7297550000 0.6835880000
0.0128499499 -0.0202196812 0.1059144043 0.1555120000 -0.6642890000 0.7311200000
0.0200359499 -0.0191256812 0.1050274043 0.3153080000 -0.6454300000 0.6957020000
0.0252269499 -0.0180356812 0.1052814043 0.3717000000 -0.3560950000 0.8573420000
-0.0162790501 -0.0116186812 0.1045384043 -0.5211180000 -0.3776750000 0.7653740000
-0.0107940501 -0.0136106812 0.1070674043 -0.4907480000 -0.5341200000 0.6883910000
-0.0036240501 -0.0159536812 0.1093274043 -0.3319730000 -0.7755590000 0.5369370000
0.0053099499 -0.0170006812 0.1103624043 0.0343560000 -0.8851300000 0.4640750000
0.0138499499 -0.0155466812 0.1094934043 0.3371330000 -0.6759240000 0.6553380000
0.0210989499 -0.0137046812 0.1076964043 0.3575180000 -0.4210880000 0.8335860000
0.0279329499 -0.0125966812 0.1055044043 0.4625420000 -0.4174770000 0.7821560000
0.0335269499 -0.0097186812 0.1041384043 0.6327780000 -0.3351300000 0.6980540000
-0.0176260501 -0.0053256812 0.1058274043 -0.6164740000 -0.1996100000 0.7616530000
-0.0130180501 -0.0063226812 0.1095474043 -0.6957040000 -0.3003390000 0.6525280000
0.0224999499 -0.0060616812 0.1097114043 0.5303900000 -0.2132850000 0.8204850000
0.0291579499 -0.0056916812 0.1068274043 0.4083190000 -0.1585870000 0.8989580000
0.0339789499 -0.0044186812 0.1046524043 0.7249940000 -0.1839920000 0.6637250000
-0.0180010501 0.0022333188 0.1060724043 -0.6385470000 0.0777630000 0.7656440000
-0.0135740501 0.0025803188 0.1100274043 -0.7481870000 0.1133140000 0.6537400000
0.0231229499 0.0024883188 0.1099564043 0.5634970000 0.0844650000 0.8217890000
0.0291519499 0.0023283188 0.1072204043 0.3893100000 0.0633530000 0.9189250000
0.0341599499 0.0018893188 0.1048594043 0.7058400000 0.0918630000 0.7023900000
-0.0169180501 0.0094633188 0.1050374043 -0.5676560000 0.2947280000 0.7687020000
-0.0117660501 0.0107393188 0.1083234043 -0.5942550000 0.4336640000 0.6773460000
-0.0057820501 0.0136033188 0.1104284043 -0.4624450000 0.6791160000 0.5700410000
0.0155939499 0.0134173188 0.1105494043 0.4373980000 0.6125290000 0.6584000000
0.0216059499 0.0105523188 0.1088484043 0.4387030000 0.3563090000 0.8249750000
0.0286899499 0.0098403188 0.1060874043 0.4432630000 0.3046340000 0.8430400000
0.0334309499 0.0072313188 0.1042724043 0.6887210000 0.3005900000 0.6597800000
-0.0151070501 0.0151163188 0.1037074043 -0.4695290000 0.4209850000 0.7760890000
-0.0101660501 0.0166503188 0.1052764043 -0.4087780000 0.5368270000 0.7380500000
-0.0030080501 0.0184193188 0.1070044043 -0.2671430000 0.7045610000 0.6574410000
0.0051179499 0.0193223188 0.1075064043 -0.0185610000 0.7672330000 0.6411000000
0.0131429499 0.0185583188 0.1071724043 0.1994400000 0.6845430000 0.7011600000
0.0206609499 0.0171853188 0.1059424043 0.3135730000 0.5656580000 0.7626950000
0.0264719499 0.0154743188 0.1046934043 0.4739360000 0.5689170000 0.6721000000
-0.0006960501 0.0229403188 0.1039224043 -0.1694840000 0.7073750000 0.6862180000
0.0055749499 0.0231763188 0.1042734043 -0.0203300000 0.7721870000 0.6350700000
0.0117069499 0.0230423188 0.1042264043 0.1071390000 0.8142530000 0.5705370000
-0.0079270501 -0.0107486812 0.1127084043 -0.5629770000 -0.5252630000 0.6380880000
-0.0029020501 -0.0131736812 0.1148354043 -0.4384460000 -0.8062440000 0.3971590000
0.0051589499 -0.0151576812 0.1147664043 0.0576650000 -0.9212540000 0.3846620000
0.0129069499 -0.0126476812 0.1146474043 0.5164580000 -0.7437720000 0.4243520000
0.0177149499 -0.0101786812 0.1121254043 0.6210910000 -0.4627890000 0.6325130000
-0.0096240501 -0.0056546812 0.1146954043 -0.8250810000 -0.3555000000 0.4391590000
-0.0060640501 -0.0086486812 0.1143084043 -0.7243840000 -0.5572280000 0.4059120000
0.0163109499 -0.0081336812 0.1152984043 0.7994520000 -0.4963100000 0.3384570000
0.0188849499 -0.0051516812 0.1145364043 0.8388840000 -0.2883090000 0.4616840000
-0.0105380501 0.0022683188 0.1145874043 -0.8895740000 0.1146000000 0.4421820000
0.0167839499 0.0052053188 0.1142574043 0.8866940000 0.3876150000 0.2520500000
0.0194489499 0.0022113188 0.1146184043 0.8909450000 0.1387480000 0.4323960000
-0.0086290501 0.0085673188 0.1144294043 -0.7779070000 0.4715390000 0.4153450000
-0.0040450501 0.0121183188 0.1151164043 -0.5780340000 0.7716540000 0.2653810000
0.0054909499 0.0139843188 0.1159974043 0.0810240000 0.9800530000 0.1814690000
0.0141179499 0.0111053188 0.1151564043 0.6211000000 0.7255290000 0.2963820000
0.0181969499 0.0080843188 0.1134174043 0.6835940000 0.4226240000 0.5950530000
-0.0008580501 0.0152833188 0.1137804043 -0.3337500000 0.8505220000 0.4064770000
0.0051069499 0.0154903188 0.1145024043 -0.0041590000 0.9528260000 0.3034890000
0.0107889499 0.0151053188 0.1125704043 0.2828490000 0.7895360000 0.5446380000
-0.0071160501 -0.0100096812 0.1229084043 -0.7401600000 -0.6658710000 0.0936980000
-0.0025650501 -0.0122846812 0.1242014043 -0.4330150000 -0.7815930000 0.4490100000
0.0051669499 -0.0137796812 0.1246384043 0.0527000000 -0.8377450000 0.5435130000
0.0124189499 -0.0119976812 0.1239694043 0.5196000000 -0.7537170000 0.4024010000
-0.0089200501 -0.0058406812 0.1237474043 -0.8556140000 -0.4953110000 0.1503050000
-0.0047550501 -0.0077746812 0.1266634043 -0.3564530000 -0.4275210000 0.8307630000
0.0149479499 -0.0071036812 0.1258584043 0.5396990000 -0.3547760000 0.7634520000
0.0183329499 -0.0047876812 0.1235024043 0.9077900000 -0.2968920000 0.2962630000
-0.0101420501 0.0022633188 0.1234404043 -0.9920200000 0.1214100000 -0.0339950000
0.0157939499 0.0026983188 0.1267134043 0.5413120000 0.1294440000 0.8307980000
0.0187619499 0.0022223188 0.1237934043 0.9370940000 0.1589000000 0.3108140000
-0.0082500501 0.0081273188 0.1234714043 -0.8689800000 0.4935060000 -0.0363910000
-0.0032520501 0.0119303188 0.1241034043 -0.4938880000 0.8446390000 0.2065420000
0.0057709499 0.0129943188 0.1253814043 0.1024780000 0.8771610000 0.4691350000
0.0134099499 0.0103873188 0.1245554043 0.5658780000 0.6913840000 0.4491880000
0.0174419499 0.0073513188 0.1231454043 0.8360250000 0.5287280000 0.1466620000
0.0001819499 0.0147463188 0.1230234043 -0.3280040000 0.9335170000 0.1447770000
0.0044849499 0.0150573188 0.1230234043 -0.0330790000 0.9825220000 0.1831820000
0.0097459499 0.0148013188 0.1232264043 0.2405700000 0.9332600000 0.2667440000
-0.0013090501 -0.0109276812 0.1332274043 -0.0762120000 -0.1494370000 0.9858300000
0.0050989499 -0.0112786812 0.1322524043 0.0290410000 -0.3678540000 0.9294300000
0.0112299499 -0.0108616812 0.1335794043 0.0831600000 -0.1104060000 0.9904010000
-0.0090440501 -0.0042656812 0.1317354043 -0.6512040000 -0.4361460000 0.6210550000
-0.0028720501 -0.0058216812 0.1329274043 -0.1403080000 -0.1607680000 0.9769680000
0.0051809499 -0.0055576812 0.1338614043 -0.0019800000 -0.0000040000 0.9999980000
0.0129279499 -0.0055436812 0.1326624043 0.2553350000 -0.1509090000 0.9550030000
0.0175029499 -0.0033566812 0.1336354043 0.2548980000 -0.0553390000 0.9653830000
-0.0093160501 0.0021293188 0.1321134043 -0.6943310000 0.0965200000 0.7131530000
-0.0028340501 0.0024643188 0.1338124043 -0.0234710000 0.0125760000 0.9996450000
0.0051259499 0.0024583188 0.1338494043 -0.0097360000 0.0078090000 0.9999220000
0.0133449499 0.0024433188 0.1330764043 0.1938300000 0.0528800000 0.9796090000
0.0176349499 0.0013883188 0.1336184043 0.2988530000 0.0492080000 0.9530300000
-0.0081800501 0.0080693188 0.1312114043 -0.7714450000 0.4445980000 0.4551990000
-0.0025700501 0.0093403188 0.1331244043 -0.1201760000 0.2433780000 0.9624580000
0.0051159499 0.0101743188 0.1333504043 -0.0022170000 0.1869550000 0.9823660000
0.0118919499 0.0088373188 0.1332634043 0.1430320000 0.1891470000 0.9714760000
