x y z nx ny nz
-0.0140266232 -0.0142200387 -0.0309137958 -0.6081770000 -0.6503530000 -0.4551490000
-0.0084596232 -0.0176190387 -0.0308647958 -0.4085630000 -0.8231130000 -0.3944120000
0.0033753768 -0.0199760387 -0.0309437958 0.2775840000 -0.8743740000 -0.3980160000
0.0077853768 -0.0182600387 -0.0309197958 0.4137030000 -0.8188160000 -0.3979810000
0.0138693768 -0.0145630387 -0.0310577958 0.6126450000 -0.6737750000 -0.4131510000
-0.0180136232 -0.0097360387 -0.0308427958 -0.7536350000 -0.4546580000 -0.4746800000
0.0188833768 -0.0084090387 -0.0312147958 0.8624570000 -0.4527050000 -0.2263320000
0.0202233768 -0.0051240387 -0.0310347958 0.9222640000 -0.2598400000 -0.2862030000
-0.0214786232 0.0005709613 -0.0309307958 -0.9159620000 -0.0974270000 -0.3892590000
0.0210933768 -0.0001600387 -0.0310247958 0.9095060000 -0.0631590000 -0.4108660000
-0.0210276232 0.0061559613 -0.0308517958 -0.8903410000 0.1676270000 -0.4233130000
-0.0197946232 0.0097779613 -0.0304297958 -0.8046800000 0.3284170000 -0.4946030000
0.0194013768 0.0107909613 -0.0310067958 0.8503510000 0.3146420000 -0.4217850000
0.0208023768 0.0062889613 -0.0308037958 0.8861300000 0.1601490000 -0.4348860000
-0.0152756232 0.0172579613 -0.0308287958 -0.7068200000 0.6704140000 -0.2257220000
0.0156113768 0.0160279613 -0.0308677958 0.6756180000 0.6129530000 -0.4096680000
-0.0079646232 0.0221849613 -0.0310027958 -0.3691310000 0.9072180000 -0.2017380000
-0.0010216232 0.0237019613 -0.0308507958 -0.0627620000 0.9524940000 -0.2980200000
0.0061373768 0.0224299613 -0.0309377958 0.2155030000 0.8742370000 -0.4350490000
-0.0079696232 -0.0213760387 -0.0234917958 -0.3157200000 -0.9215070000 0.2261560000
-0.0002866232 -0.0223870387 -0.0238667958 0.0283600000 -0.8888570000 0.4573060000
0.0076713768 -0.0214960387 -0.0235057958 0.3229000000 -0.8938790000 0.3109910000
0.0119513768 -0.0201810387 -0.0243487958 0.4873550000 -0.8463880000 -0.2147390000
-0.0204596232 -0.0124020387 -0.0229757958 -0.7937330000 -0.5903990000 0.1463420000
-0.0159666232 -0.0157440387 -0.0241157958 -0.5957690000 -0.6945330000 0.4033390000
-0.0087916232 -0.0163460387 -0.0244777958 0.0089250000 0.0261790000 0.9996170000
-0.0003956232 -0.0157000387 -0.0245277958 0.0007110000 0.0549060000 0.9984910000
0.0082483768 -0.0160880387 -0.0248227958 0.0318180000 -0.0071260000 0.9994680000
0.0156883768 -0.0156940387 -0.0244377958 0.6177980000 -0.6765590000 0.4007410000
0.0199283768 -0.0129580387 -0.0237207958 0.8107510000 -0.5780540000 0.0923920000
-0.0223656232 -0.0072940387 -0.0241337958 -0.8758130000 -0.4215780000 0.2349970000
-0.0170176232 -0.0077510387 -0.0256337958 -0.1202520000 -0.0429170000 0.9918150000
-0.0085366232 -0.0069930387 -0.0246117958 0.0062390000 0.0032720000 0.9999750000
-0.0005036232 -0.0068830387 -0.0246407958 -0.0037010000 0.0044020000 0.9999830000
0.0077723768 -0.0071260387 -0.0245717958 0.0028310000 0.0110370000 0.9999350000
0.0160813768 -0.0081760387 -0.0254427958 0.1102740000 -0.0338220000 0.9933260000
0.0217453768 -0.0079040387 -0.0243437958 0.9165430000 -0.3784420000 0.1293480000
-0.0228726232 0.0002559613 -0.0252937958 -0.8693440000 -0.0699300000 0.4892350000
-0.0158996232 0.0001999613 -0.0246517958 0.0094610000 -0.0060140000 0.9999370000
-0.0081476232 0.0000039613 -0.0247147958 0.0015840000 -0.0088790000 0.9999590000
-0.0003346232 -0.0002220387 -0.0246887958 -0.0006760000 -0.0051410000 0.9999870000
0.0076843768 0.0003219613 -0.0247057958 -0.0010510000 -0.0050680000 0.9999870000
0.0154703768 0.0000889613 -0.0246227958 -0.0124170000 -0.0064960000 0.9999020000
0.0224583768 0.0003089613 -0.0254327958 0.8879650000 -0.0606440000 0.4558960000
-0.0225686232 0.0076619613 -0.0247597958 -0.4579420000 0.0183970000 0.8887920000
-0.0163556232 0.0081619613 -0.0248687958 -0.0552880000 0.0201400000 0.9982670000
-0.0080276232 0.0081949613 -0.0246457958 0.0183750000 -0.0055080000 0.9998160000
-0.0004236232 0.0081779613 -0.0247007958 -0.0023870000 -0.0007300000 0.9999970000
0.0077833768 0.0079119613 -0.0246637958 -0.0065890000 -0.0095450000 0.9999330000
0.0159013768 0.0082609613 -0.0247407958 0.0118050000 0.0047910000 0.9999190000
0.0217863768 0.0077439613 -0.0246447958 -0.0042260000 0.0052130000 0.9999770000
-0.0215046232 0.0137649613 -0.0235837958 -0.8553350000 0.3654130000 0.3672540000
-0.0161866232 0.0160169613 -0.0252407958 -0.1649260000 0.1236270000 0.9785270000
-0.0082376232 0.0159749613 -0.0245977958 0.0062800000 -0.0184610000 0.9998100000
-0.0003296232 0.0160489613 -0.0246407958 -0.0026480000 -0.0133330000 0.9999080000
0.0079083768 0.0160099613 -0.0245687958 -0.0078060000 -0.0124440000 0.9998920000
0.0153563768 0.0155079613 -0.0249257958 0.0675820000 0.0632470000 0.9957070000
0.0206753768 0.0138389613 -0.0236867958 0.2015480000 0.2002510000 0.9587900000
-0.0140776232 0.0215839613 -0.0238007958 -0.2175290000 0.1790890000 0.9594830000
-0.0083586232 0.0224649613 -0.0250587958 -0.1092240000 0.3012500000 0.9472690000
-0.0002756232 0.0229879613 -0.0250097958 -0.0199030000 0.2717230000 0.9621700000
0.0074213768 0.0223369613 -0.0248517958 0.0596690000 0.1669480000 0.9841590000
0.0134873768 0.0213409613 -0.0237767958 0.1890960000 0.2952280000 0.9365270000
-0.0131496232 -0.0202070387 -0.0178497958 -0.4271340000 -0.9038150000 -0.0259760000
-0.0080066232 -0.0216350387 -0.0182977958 -0.3040340000 -0.9525910000 -0.0115560000
-0.0002496232 -0.0230330387 -0.0184127958 0.0132970000 -0.9999110000 -0.0012470000
0.0076303768 -0.0218240387 -0.0182747958 0.3369820000 -0.9414530000 -0.0104370000
0.0120593768 -0.0203200387 -0.0186747958 0.5314150000 -0.8466720000 0.0272830000
-0.0207386232 -0.0125310387 -0.0181357958 -0.7988260000 -0.6015510000 -0.0037700000
-0.0164966232 -0.0165620387 -0.0183407958 -0.6412270000 -0.7673040000 0.0085110000
-0.0116406232 -0.0196200387 -0.0184257958 -0.3690590000 -0.7529340000 0.5448730000
0.0115963768 -0.0195920387 -0.0188647958 0.4761560000 -0.8784460000 -0.0401060000
0.0162063768 -0.0167510387 -0.0182717958 0.6645250000 -0.7471750000 0.0116540000
0.0202753768 -0.0128480387 -0.0184067958 0.8250910000 -0.5647910000 -0.0153460000
-0.0226826232 -0.0081790387 -0.0183107958 -0.9087760000 -0.4172800000 -0.0020030000
-0.0199986232 -0.0112680387 -0.0190457958 0.0914400000 -0.5400470000 0.8366530000
0.0197323768 -0.0108640387 -0.0182007958 -0.8249430000 0.5553240000 0.1052800000
0.0224783768 -0.0082120387 -0.0183187958 0.9144660000 -0.4046090000 -0.0065850000
-0.0247006232 0.0001369613 -0.0183347958 -0.9905410000 -0.1372070000 0.0014590000
0.0240563768 -0.0001170387 -0.0181547958 0.9923710000 -0.1158040000 -0.0422870000
-0.0237886232 0.0081069613 -0.0183227958 -0.9933160000 -0.0294470000 0.1116090000
0.0192863768 0.0117849613 -0.0168387958 -0.5678050000 -0.8209000000 0.0609920000
0.0230313768 0.0080479613 -0.0178177958 -0.0714150000 -0.9609170000 0.2674670000
-0.0215316232 0.0141329613 -0.0181627958 -0.9207610000 0.3892760000 0.0257390000
-0.0178286232 0.0173269613 -0.0178677958 0.6185010000 -0.7847240000 0.0408030000
0.0104783768 0.0188849613 -0.0161657958 -0.5949220000 -0.7816410000 -0.1873620000
0.0171483768 0.0163269613 -0.0174757958 0.3997880000 -0.8334170000 -0.3815560000
0.0213063768 0.0142199613 -0.0179777958 0.8595480000 0.5105860000 0.0218800000
-0.0145406232 0.0217229613 -0.0179767958 -0.6152090000 0.7883200000 0.0083330000
-0.0088956232 0.0242619613 -0.0177967958 -0.7433460000 0.6688110000 -0.0113530000
-0.0003456232 0.0261839613 -0.0180207958 -0.0524990000 0.9982810000 -0.0260510000
0.0077143768 0.0246749613 -0.0178947958 0.2903900000 0.9524930000 -0.0918140000
0.0144873768 0.0218869613 -0.0180667958 0.5701630000 0.8214280000 -0.0130430000
-0.0128556232 -0.0203480387 -0.0097347958 -0.4472260000 -0.8941880000 -0.0204010000
-0.0082436232 -0.0217420387 -0.0101747958 -0.3156510000 -0.9486820000 -0.0191520000
-0.0003346232 -0.0231760387 -0.0103807958 0.0127460000 -0.9997120000 -0.0203280000
0.0075753768 -0.0220100387 -0.0102507958 0.3308600000 -0.9434640000 -0.0201810000
0.0122003768 -0.0203330387 -0.0098157958 0.5087190000 -0.8606780000 -0.0209560000
-0.0206866232 -0.0126480387 -0.0103667958 -0.7995280000 -0.6003340000 -0.0188190000
-0.0165746232 -0.0166170387 -0.0103937958 -0.6424740000 -0.7660990000 -0.0178740000
-0.0117616232 -0.0196620387 -0.0101407958 -0.4318380000 -0.9018680000 -0.0122780000
0.0116773768 -0.0197700387 -0.0124867958 0.4490420000 -0.8931280000 -0.0261590000
0.0162113768 -0.0169000387 -0.0102887958 0.6550200000 -0.7553640000 -0.0193380000
0.0202703768 -0.0130470387 -0.0102177958 0.8306620000 -0.5565030000 -0.0174320000
-0.0228366232 -0.0080270387 -0.0101957958 -0.8906870000 -0.4544680000 -0.0116280000
-0.0196316232 -0.0113350387 -0.0120047958 0.7988360000 0.5977370000 0.0676070000
0.0225583768 -0.0078660387 -0.0102137958 0.9043750000 -0.4265880000 -0.0113260000
-0.0243926232 -0.0001230387 -0.0100587958 -0.9789170000 -0.2038420000 0.0130360000
0.0237263768 -0.0001370387 -0.0103727958 0.9386250000 -0.3449310000 0.0024240000
-0.0238966232 0.0079879613 -0.0102047958 -0.9058440000 -0.4223640000 -0.0324750000
0.0231323768 0.0082629613 -0.0102827958 -0.5399370000 -0.7928280000 0.2826510000
-0.0216086232 0.0140579613 -0.0101807958 -0.9525810000 0.3023690000 -0.0340800000
-0.0177486232 0.0173089613 -0.0106457958 0.6625190000 -0.7489350000 0.0128220000
-0.0047846232 0.0198979613 -0.0071597958 -0.1466760000 -0.9711200000 0.1881830000
0.0005833768 0.0198479613 -0.0100737958 -0.0549190000 -0.9978060000 0.0369730000
0.0091613768 0.0181839613 -0.0097727958 -0.5179190000 -0.8554040000 0.0066940000
0.0162943768 0.0150159613 -0.0101307958 -0.3297120000 -0.9369890000 0.1155060000
0.0209633768 0.0137869613 -0.0100127958 0.9790930000 -0.0725320000 0.1900420000
-0.0146286232 0.0217449613 -0.0102857958 -0.6148010000 0.7874320000 -0.0443900000
-0.0084136232 0.0236059613 -0.0104557958 -0.8921680000 -0.4499000000 -0.0403260000
-0.0003376232 0.0233129613 -0.0097147958 -0.3781360000 -0.8883760000 0.2603870000
0.0068653768 0.0237529613 -0.0104187958 0.3718050000 0.9275610000 -0.0373060000
0.0141513768 0.0222239613 -0.0102327958 0.5563500000 0.8308240000 -0.0143350000
-0.0126646232 -0.0203910387 -0.0012827958 -0.4605020000 -0.8875870000 -0.0112870000
-0.0081516232 -0.0219200387 -0.0022777958 -0.3096130000 -0.9506650000 -0.0194130000
-0.0003496232 -0.0233510387 -0.0021667958 0.0022040000 -0.9997470000 -0.0223790000
0.0076873768 -0.0221240387 -0.0023057958 0.3203170000 -0.9470740000 -0.0211370000
0.0122583768 -0.0205390387 -0.0019217958 0.5104250000 -0.8597010000 -0.0195060000
-0.0207466232 -0.0127070387 -0.0024967958 -0.7980740000 -0.6022020000 -0.0207670000
-0.0166606232 -0.0167540387 -0.0022817958 -0.6336290000 -0.7733990000 -0.0191900000
-0.0116686232 -0.0197360387 -0.0015117958 0.5024620000 0.8640620000 0.0304830000
0.0112373768 -0.0187750387 0.0002482042 -0.6027790000 0.7971820000 0.0340300000
0.0162223768 -0.0170120387 -0.0021827958 0.6546140000 -0.7557000000 -0.0199630000
0.0203863768 -0.0129800387 -0.0023717958 0.8172440000 -0.5758520000 -0.0225250000
-0.0229466232 -0.0079160387 -0.0022077958 -0.8610910000 -0.5075420000 -0.0304010000
-0.0197616232 -0.0114500387 -0.0012037958 0.8274700000 0.5615100000 0.0005890000
0.0194163768 -0.0117280387 -0.0028607958 -0.7997680000 0.6000600000 0.0172800000
0.0225433768 -0.0081190387 -0.0022037958 0.9214680000 -0.3882160000 -0.0135580000
-0.0243846232 -0.0002000387 -0.0022077958 -0.9618800000 -0.2680830000 -0.0540230000
0.0236183768 0.0000119613 -0.0020877958 -0.4752820000 -0.7628300000 0.4384030000
-0.0239566232 0.0080919613 -0.0022177958 -0.6779070000 -0.7317450000 -0.0706550000
0.0232713768 0.0080859613 -0.0022127958 -0.9051220000 0.2587060000 0.3373810000
-0.0216806232 0.0141089613 -0.0023257958 -0.9396820000 0.3415740000 0.0180380000
-0.0174346232 0.0169649613 -0.0016347958 0.7017990000 -0.6798180000 0.2128970000
0.0097963768 0.0186639613 -0.0032557958 -0.5264060000 -0.7739540000 0.3519840000
0.0155603768 0.0165259613 -0.0014637958 -0.4404280000 -0.7577170000 0.4815470000
0.0211523768 0.0138639613 -0.0020847958 0.9594970000 0.0028840000 0.2817030000
-0.0146446232 0.0218259613 -0.0019507958 -0.6179700000 0.7768700000 0.1207730000
-0.0079196232 0.0234019613 -0.0018857958 -0.0976890000 -0.8466370000 0.5231280000
-0.0003516232 0.0234859613 -0.0018377958 -0.0513710000 -0.7990180000 0.5991090000
0.0072303768 0.0228689613 -0.0014027958 -0.3224120000 -0.6411290000 0.6964220000
0.0143533768 0.0219069613 -0.0022337958 0.5787650000 0.8149090000 0.0308940000
-0.0126186232 -0.0204190387 0.0054012042 -0.4541390000 -0.8906530000 -0.0222410000
-0.0082726232 -0.0220080387 0.0058362042 -0.3010250000 -0.9533880000 -0.0208810000
-0.0001966232 -0.0235390387 0.0058232042 0.0118590000 -0.9996980000 -0.0215470000
0.0076783768 -0.0222700387 0.0057232042 0.3236110000 -0.9460070000 -0.0186430000
0.0125373768 -0.0205240387 0.0060312042 0.5161650000 -0.8562690000 -0.0193890000
-0.0207166232 -0.0127250387 0.0055002042 -0.7889330000 -0.6142200000 -0.0178410000
-0.0167166232 -0.0168320387 0.0058222042 -0.6055810000 -0.7954980000 -0.0213090000
-0.0116816232 -0.0199980387 0.0048292042 0.5320950000 0.8464310000 0.0207280000
0.0113273768 -0.0195670387 0.0064212042 -0.4644040000 0.8847410000 0.0395200000
0.0164533768 -0.0168470387 0.0057182042 0.6469600000 -0.7624980000 -0.0063350000
0.0205593768 -0.0131060387 0.0058652042 0.8311650000 -0.5557440000 -0.0176720000
-0.0230286232 -0.0079590387 0.0056942042 -0.8691770000 -0.4941710000 0.0180820000
-0.0200196232 -0.0114250387 0.0067212042 0.8609360000 0.5082930000 0.0206800000
0.0193883768 -0.0119090387 0.0039782042 -0.7872980000 0.6144240000 0.0514380000
0.0226373768 -0.0081430387 0.0059182042 0.9668370000 -0.2553760000 -0.0029460000
-0.0246266232 -0.0000850387 0.0054712042 0.3649760000 -0.3234530000 0.8730240000
0.0243383768 0.0000039613 0.0054552042 -0.2506900000 -0.2615330000 0.9320700000
-0.0241616232 0.0080749613 0.0056132042 -0.4000180000 -0.6139690000 0.6804620000
0.0236133768 0.0079679613 0.0055782042 -0.9643520000 -0.1455090000 0.2210250000
-0.0217016232 0.0143669613 0.0056622042 -0.9460030000 0.1632280000 0.2800610000
-0.0182276232 0.0179019613 0.0049842042 0.6914760000 -0.6703750000 0.2691790000
0.0176233768 0.0183019613 0.0048862042 -0.6515460000 -0.6818500000 0.3325190000
0.0211583768 0.0143519613 0.0056702042 -0.8354850000 -0.4553920000 0.3075450000
-0.0147886232 0.0217879613 0.0055952042 0.4530310000 -0.6723530000 0.5854100000
-0.0083196232 0.0248339613 0.0055362042 0.2855310000 -0.9232570000 0.2570380000
-0.0003146232 0.0262869613 0.0053802042 -0.0458660000 -0.9602700000 0.2752780000
0.0080163768 0.0245739613 0.0053072042 -0.4110680000 -0.8604440000 0.3010960000
0.0140833768 0.0215809613 0.0055782042 -0.4718480000 -0.7716530000 0.4265110000
-0.0127426232 -0.0203830387 0.0129482042 -0.4702450000 -0.8823000000 -0.0203970000
-0.0083316232 -0.0221370387 0.0135342042 -0.2991160000 -0.9540670000 -0.0169160000
-0.0002256232 -0.0235950387 0.0136732042 0.0240580000 -0.9996120000 -0.0140500000
0.0077933768 -0.0222990387 0.0135152042 0.3420830000 -0.9396220000 -0.0094500000
0.0126363768 -0.0206390387 0.0137202042 0.5214810000 -0.8531550000 -0.0135740000
-0.0207706232 -0.0128170387 0.0139782042 -0.8169010000 -0.5766560000 -0.0118470000
-0.0168456232 -0.0168400387 0.0136842042 -0.5981710000 -0.8012380000 -0.0145020000
-0.0120606232 -0.0198660387 0.0141622042 0.5417320000 0.8402390000 0.0229010000
0.0107573768 -0.0196780387 0.0148942042 -0.4759290000 0.8791800000 0.0231270000
0.0165083768 -0.0168230387 0.0137622042 0.6441310000 -0.7648630000 0.0089170000
0.0205863768 -0.0132830387 0.0139792042 0.8349140000 -0.5502370000 -0.0125440000
-0.0231196232 -0.0080500387 0.0135672042 -0.8966340000 -0.4427150000 0.0071870000
-0.0199786232 -0.0116570387 0.0097222042 0.8381620000 0.5452120000 0.0151310000
0.0196753768 -0.0118480387 0.0134232042 -0.8193210000 0.5728210000 0.0242860000
0.0227263768 -0.0081780387 0.0138892042 0.9882170000 0.1431060000 0.0542960000
-0.0250576232 0.0000229613 0.0135542042 -0.6297540000 -0.7716560000 0.0892020000
0.0246273768 -0.0000870387 0.0136552042 -0.9132950000 0.3960110000 0.0952240000
-0.0243296232 0.0079739613 0.0136752042 0.5765410000 -0.8155200000 0.0502790000
0.0237833768 0.0080589613 0.0137602042 -0.9706220000 -0.2396030000 0.0219880000
-0.0218226232 0.0143849613 0.0136862042 -0.9970280000 0.0742360000 0.0205930000
-0.0186766232 0.0182169613 0.0135742042 0.7120320000 -0.7018930000 0.0188590000
0.0182653768 0.0181929613 0.0136732042 -0.7513850000 -0.6596170000 0.0180470000
0.0213093768 0.0143389613 0.0136412042 -0.9175330000 -0.3969600000 0.0235690000
-0.0148336232 0.0219209613 0.0136442042 0.4009360000 -0.9158790000 0.0204080000
-0.0082446232 0.0250829613 0.0137642042 0.3340240000 -0.9424100000 0.0170490000
-0.0002516232 0.0264089613 0.0135182042 -0.0253440000 -0.9994510000 0.0213590000
0.0077973768 0.0251359613 0.0137092042 -0.3619850000 -0.9319740000 0.0197780000
0.0142663768 0.0219179613 0.0137562042 -0.5877100000 -0.8088260000 0.0199430000
0.0009243768 0.0279809613 0.0149702042 0.0127850000 0.9998860000 -0.0080770000
-0.0126966232 -0.0203530387 0.0201412042 -0.4831410000 -0.8754320000 0.0139400000
-0.0082586232 -0.0219010387 0.0208802042 0.3621150000 0.9181350000 0.1609350000
0.0000873768 -0.0231290387 0.0211162042 0.0237380000 0.9940990000 0.1058480000
0.0078043768 -0.0218870387 0.0209692042 -0.2331700000 0.9647300000 0.1221810000
0.0127863768 -0.0207270387 0.0200342042 0.5439650000 -0.8385570000 0.0304140000
-0.0207986232 -0.0127460387 0.0210852042 0.8261080000 0.5409380000 0.1578980000
-0.0169786232 -0.0167080387 0.0211982042 0.6940030000 0.7094100000 0.1228660000
-0.0110286232 -0.0193900387 0.0245472042 0.3359390000 0.9108620000 0.2397410000
0.0111883768 -0.0196570387 0.0220982042 -0.4625740000 0.8859250000 0.0340940000
0.0164613768 -0.0165770387 0.0211572042 -0.6422750000 0.7636130000 0.0661720000
0.0206093768 -0.0131550387 0.0209072042 0.8510310000 -0.5250130000 0.0103610000
-0.0231996232 -0.0079710387 0.0212212042 0.9203840000 0.3817860000 0.0844540000
0.0227643768 -0.0079630387 0.0213832042 -0.8841290000 0.4628080000 0.0642240000
-0.0250686232 -0.0000710387 0.0213292042 0.9939480000 0.0057750000 0.1096990000
0.0246433768 -0.0000290387 0.0214152042 -0.9929680000 0.1148990000 0.0285170000
-0.0242866232 0.0081209613 0.0214242042 0.9261800000 -0.3755820000 0.0336090000
0.0238893768 0.0079239613 0.0215562042 -0.9708550000 -0.2363460000 0.0397700000
-0.0217966232 0.0143789613 0.0214902042 0.8015480000 -0.5976230000 0.0191600000
-0.0186796232 0.0181689613 0.0216002042 0.7270410000 -0.6861800000 0.0238350000
0.0181713768 0.0183089613 0.0216462042 -0.7428580000 -0.6692060000 0.0180420000
0.0212613768 0.0144329613 0.0214242042 -0.8771480000 -0.4787950000 0.0369670000
-0.0149116232 0.0219329613 0.0216252042 0.5040570000 -0.8632780000 0.0260500000
-0.0083876232 0.0250999613 0.0215742042 0.3180760000 -0.9476250000 0.0288970000
-0.0003816232 0.0263939613 0.0216462042 -0.0143470000 -0.9996990000 0.0199140000
0.0076593768 0.0252339613 0.0217082042 -0.3422590000 -0.9394400000 0.0176170000
0.0143303768 0.0218859613 0.0216922042 -0.5940530000 -0.8042130000 0.0185010000
0.0003193768 0.0280289613 0.0219082042 -0.0275760000 0.9978890000 -0.0588020000
-0.0055736232 -0.0283290387 0.0295822042 0.0188280000 -0.1002310000 0.9947860000
-0.0000526232 -0.0284470387 0.0296292042 0.0038780000 -0.5077180000 0.8615150000
0.0051363768 -0.0282650387 0.0296052042 0.0514230000 -0.3562270000 0.9329830000
-0.0205456232 -0.0206320387 0.0297622042 -0.2544550000 -0.2976470000 0.9201410000
-0.0154136232 -0.0223210387 0.0305892042 -0.0410030000 -0.0652540000 0.9970260000
-0.0082516232 -0.0244480387 0.0304012042 0.0526380000 0.1202570000 0.9913460000
-0.0002356232 -0.0253960387 0.0304482042 0.0037650000 0.1589650000 0.9872770000
0.0078273768 -0.0244090387 0.0303122042 -0.0382610000 0.1335700000 0.9903000000
0.0149953768 -0.0224330387 0.0305522042 0.0670790000 -0.0874960000 0.9939040000
0.0201313768 -0.0205650387 0.0298582042 0.1671060000 -0.1510600000 0.9742980000
-0.0227286232 -0.0152800387 0.0305892042 0.0011820000 -0.0173160000 0.9998490000
-0.0175406232 -0.0177690387 0.0301142042 0.2888690000 0.3072450000 0.9067280000
-0.0116106232 -0.0196850387 0.0288452042 0.2621010000 0.5251150000 0.8096650000
0.0113553768 -0.0197600387 0.0279602042 -0.3991080000 0.8066440000 0.4359340000
0.0169803768 -0.0174380387 0.0298192042 -0.3338020000 0.3925430000 0.8570220000
0.0224353768 -0.0153410387 0.0305152042 0.0338540000 -0.0297690000 0.9989830000
0.0277403768 -0.0125710387 0.0304142042 -0.5972070000 0.2903200000 0.7477020000
-0.0287446232 -0.0059300387 0.0302702042 -0.4129210000 -0.1116930000 0.9038920000
-0.0252446232 -0.0083800387 0.0303702042 0.2582510000 0.0941630000 0.9614780000
-0.0201776232 -0.0119850387 0.0261192042 0.7918800000 0.5376370000 0.2896070000
0.0245603768 -0.0084250387 0.0301972042 -0.2866220000 0.1296330000 0.9492330000
0.0283083768 -0.0065000387 0.0302522042 0.2671190000 -0.0770790000 0.9605760000
-0.0293676232 0.0001599613 0.0305142042 -0.3209870000 -0.0367920000 0.9463690000
-0.0262496232 -0.0001670387 0.0300872042 0.5370230000 0.0239690000 0.8432270000
0.0256083768 -0.0000980387 0.0299192042 -0.5587150000 0.0443280000 0.8281740000
0.0288323768 0.0000229613 0.0306002042 0.2188300000 -0.0229820000 0.9754920000
-0.0291496232 0.0071019613 0.0304572042 -0.3664610000 0.0617920000 0.9283790000
-0.0256736232 0.0082829613 0.0300962042 0.4538190000 -0.1274650000 0.8819300000
0.0251543768 0.0082659613 0.0300262042 -0.4930340000 -0.1227540000 0.8613070000
0.0285723768 0.0071429613 0.0306382042 0.1764230000 0.0305520000 0.9838400000
-0.0284096232 0.0122879613 0.0302052042 -0.2955570000 0.0808010000 0.9519020000
-0.0237066232 0.0155839613 0.0304082042 0.1931500000 -0.1349980000 0.9718380000
-0.0188776232 0.0184409613 0.0289232042 0.6044200000 -0.5670520000 0.5595780000
0.0184633768 0.0184689613 0.0290262042 -0.5810780000 -0.5105860000 0.6337590000
0.0230863768 0.0155639613 0.0304522042 -0.2854330000 -0.1714590000 0.9429370000
0.0277493768 0.0134659613 0.0305292042 -0.0797980000 -0.0421890000 0.9959180000
-0.0217596232 0.0215629613 0.0306422042 -0.1862590000 0.1413410000 0.9722810000
-0.0160416232 0.0236289613 0.0304172042 0.1989640000 -0.2849100000 0.9376780000
-0.0087076232 0.0258109613 0.0296422042 0.2205930000 -0.6423560000 0.7339740000
-0.0003516232 0.0268079613 0.0292272042 -0.0063800000 -0.7941220000 0.6077250000
0.0081343768 0.0260009613 0.0298232042 -0.2122420000 -0.6153090000 0.7591760000
0.0155383768 0.0235719613 0.0305122042 -0.2476850000 -0.3180090000 0.9151630000
0.0210653768 0.0214939613 0.0308932042 -0.0229780000 -0.0260060000 0.9993980000
-0.0134006232 0.0284859613 0.0305312042 -0.1417540000 0.2897330000 0.9465520000
-0.0076776232 0.0295529613 0.0309582042 -0.0157200000 0.0417110000 0.9990060000
-0.0002436232 0.0299209613 0.0310132042 -0.0052620000 -0.0621850000 0.9980510000
0.0071033768 0.0295529613 0.0310122042 0.0204280000 0.0577630000 0.9981210000
0.0128773768 0.0285559613 0.0305072042 -0.0528130000 -0.0561840000 0.9970230000
