x y z nx ny nz
-0.0012420779 -0.1014984652 -0.0278986501 0.0302880000 -0.9992170000 0.0254530000
0.0057639221 -0.1013514652 -0.0276186501 0.0252630000 -0.9994900000 0.0195380000
0.0137119221 -0.1010864652 -0.0281276501 0.0182800000 -0.9998310000 -0.0020900000
0.0225189221 -0.1008524652 -0.0279306501 0.0278850000 -0.9994140000 0.0198580000
0.0287369221 -0.1008944652 -0.0279586501 0.0275630000 -0.9994680000 0.0174120000
0.0372549221 -0.1004874652 -0.0277866501 0.0647620000 -0.9978910000 -0.0044060000
0.0432959221 -0.0995944652 -0.0280116501 0.3325410000 -0.9364720000 -0.1115180000
0.0507009221 -0.0912034652 -0.0276276501 0.8857520000 -0.4002660000 -0.2350130000
0.0474159221 -0.0897524652 -0.0276886501 0.8643810000 0.1958400000 -0.4631330000
0.0523579221 -0.0877744652 -0.0279576501 0.9158380000 -0.2587540000 -0.3070620000
0.0689509221 0.0460535348 -0.0278816501 0.6785440000 -0.4544570000 -0.5771020000
0.0735079221 0.0610515348 -0.0274636501 0.7645370000 0.2273690000 -0.6031470000
0.0704739221 0.0652815348 -0.0280156501 0.6988190000 0.3937050000 -0.5972000000
-0.0112520779 0.0765445348 -0.0284466501 -0.1261120000 0.9599380000 -0.2502280000
-0.0020680779 0.0775735348 -0.0281306501 -0.0061590000 0.9945740000 -0.1038540000
0.0053339221 0.0775015348 -0.0280796501 0.0163790000 0.9906000000 -0.1358090000
0.0128589221 0.0756975348 -0.0285376501 0.1270720000 0.9605700000 -0.2473020000
-0.0468950779 -0.0988734652 -0.0197646501 -0.8350380000 -0.4783710000 -0.2717940000
-0.0425950779 -0.1012434652 -0.0217256501 -0.3267630000 -0.9314540000 -0.1600610000
-0.0347430779 -0.1022044652 -0.0220296501 0.0202360000 -0.9997810000 -0.0052460000
-0.0266220779 -0.1020804652 -0.0223526501 0.0262100000 -0.9996370000 0.0062430000
-0.0186270779 -0.1018924652 -0.0224276501 0.0320140000 -0.9992800000 0.0203710000
-0.0107560779 -0.1015664652 -0.0225246501 0.0385160000 -0.9967230000 0.0711350000
-0.0027340779 -0.1013984652 -0.0227966501 0.0239830000 -0.9963560000 0.0818560000
0.0052399221 -0.1012164652 -0.0229016501 0.0242300000 -0.9962780000 0.0827200000
0.0132749221 -0.1010484652 -0.0230946501 0.0241930000 -0.9961040000 0.0848050000
0.0212279221 -0.1009004652 -0.0231516501 0.0213830000 -0.9961360000 0.0851820000
0.0291419221 -0.1007274652 -0.0232536501 0.0241240000 -0.9969230000 0.0745830000
0.0370989221 -0.1006234652 -0.0231826501 0.0268100000 -0.9991610000 0.0309580000
0.0444179221 -0.0996904652 -0.0229336501 0.3569260000 -0.9313750000 -0.0717230000
-0.0469890779 -0.0966934652 -0.0200476501 -0.9279260000 -0.1749420000 -0.3291630000
-0.0455320779 -0.0934024652 -0.0212946501 -0.9308030000 0.2122610000 -0.2975750000
0.0483659221 -0.0972204652 -0.0230416501 0.6441340000 -0.7493750000 -0.1533900000
0.0508849221 -0.0935524652 -0.0228456501 0.8438100000 -0.4818560000 -0.2362220000
-0.0433270779 -0.0864344652 -0.0213076501 -0.8881730000 0.3082460000 -0.3407820000
0.0478669221 -0.0875344652 -0.0267406501 0.8308550000 0.2227370000 -0.5099700000
0.0528799221 -0.0869644652 -0.0234196501 0.9634110000 -0.0536820000 -0.2625980000
-0.0404810779 -0.0796434652 -0.0209446501 -0.7497830000 0.4482000000 -0.4867670000
-0.0342660779 -0.0754094652 -0.0202666501 -0.2254940000 0.7653650000 -0.6028000000
-0.0269530779 -0.0750364652 -0.0208316501 -0.1080200000 0.8439170000 -0.5254870000
-0.0189220779 -0.0784244652 -0.0239026501 -0.2092060000 0.6145430000 -0.7606380000
-0.0136280779 -0.0791144652 -0.0251336501 -0.1101310000 0.5491100000 -0.8284620000
0.0455239221 -0.0760314652 -0.0233306501 0.5606650000 0.6195460000 -0.5493790000
0.0507659221 -0.0790464652 -0.0208476501 0.8109460000 0.4400230000 -0.3856770000
-0.0260100779 -0.0736734652 -0.0195466501 -0.0925510000 0.8463090000 -0.5245910000
-0.0171670779 -0.0721384652 -0.0206166501 -0.2921840000 0.7874700000 -0.5426970000
-0.0095850779 -0.0725674652 -0.0219886501 -0.2628980000 0.9042380000 -0.3365100000
-0.0034630779 -0.0702164652 -0.0213736501 -0.2891230000 0.8977200000 -0.3324250000
0.0054439221 -0.0691224652 -0.0212066501 -0.0814390000 0.9601900000 -0.2672120000
0.0128589221 -0.0684264652 -0.0214306501 -0.1459280000 0.9194260000 -0.3651860000
0.0198859221 -0.0676194652 -0.0216406501 -0.1617170000 0.8467050000 -0.5068910000
0.0262269221 -0.0684514652 -0.0228816501 -0.1225690000 0.8100770000 -0.5733690000
0.0373619221 -0.0730054652 -0.0239316501 0.4838560000 0.6440270000 -0.5925470000
0.0440639221 -0.0722634652 -0.0200736501 0.6336140000 0.6076480000 -0.4788500000
0.0212499221 -0.0649254652 -0.0194526501 -0.1611780000 0.7824430000 -0.6015020000
0.0401579221 -0.0294094652 -0.0199096501 0.8256920000 0.0822110000 -0.5580980000
-0.0318630779 0.0369975348 -0.0203176501 -0.0735460000 -0.9381550000 -0.3383140000
-0.0287670779 0.0363715348 -0.0202586501 -0.0697570000 -0.9512340000 -0.3004790000
0.0627369221 0.0342555348 -0.0194726501 0.7847820000 -0.5461340000 -0.2930120000
0.0678649221 0.0378875348 -0.0203006501 0.4316600000 -0.8038130000 -0.4093340000
-0.0501150779 0.0430035348 -0.0222446501 -0.4144250000 -0.7527200000 -0.5115310000
0.0638339221 0.0382725348 -0.0224216501 0.3788050000 -0.7427720000 -0.5520830000
0.0695069221 0.0426195348 -0.0235476501 0.6169810000 -0.5969830000 -0.5127830000
0.0743619221 0.0455685348 -0.0221446501 0.7818760000 -0.3946510000 -0.4826180000
0.0718449221 0.0463155348 -0.0256456501 0.7310710000 -0.4172440000 -0.5398550000
0.0760289221 0.0503485348 -0.0221546501 0.9484390000 -0.1292550000 -0.2894080000
-0.0930270779 0.0612375348 -0.0213176501 -0.5730050000 0.3175310000 -0.7555390000
0.0766279221 0.0580385348 -0.0218126501 0.9833980000 0.0018330000 -0.1814520000
-0.0921900779 0.0641755348 -0.0210216501 -0.5224660000 0.4303980000 -0.7360610000
-0.0685540779 0.0693835348 -0.0234306501 -0.1194850000 0.7826280000 -0.6109140000
-0.0494820779 0.0687915348 -0.0264446501 -0.5628600000 0.5842780000 -0.5846430000
0.0700729221 0.0666045348 -0.0260746501 0.6570690000 0.4533760000 -0.6022550000
0.0759599221 0.0640855348 -0.0219676501 0.9288020000 0.1585880000 -0.3349270000
-0.0892840779 0.0707455348 -0.0196476501 -0.3705550000 0.6081040000 -0.7020670000
-0.0736680779 0.0717375348 -0.0201006501 -0.1403150000 0.7715570000 -0.6204930000
-0.0695360779 0.0725155348 -0.0203586501 -0.1397780000 0.7875590000 -0.6001770000
-0.0496570779 0.0739455348 -0.0217396501 -0.5208880000 0.6645580000 -0.5357600000
-0.0450420779 0.0758905348 -0.0220116501 -0.3472700000 0.7005090000 -0.6234510000
-0.0311110779 0.0751975348 -0.0246206501 -0.1039830000 0.7933240000 -0.5998530000
-0.0284130779 0.0763405348 -0.0244196501 -0.0890790000 0.7972590000 -0.5970290000
-0.0161910779 0.0769775348 -0.0221046501 0.1203220000 0.9721430000 -0.2011470000
-0.0102730779 0.0774005348 -0.0240976501 -0.0278220000 0.9882520000 -0.1502810000
-0.0026410779 0.0774855348 -0.0239706501 -0.0270310000 0.9953390000 -0.0925670000
0.0049749221 0.0776565348 -0.0244306501 0.0057070000 0.9898950000 -0.1416890000
0.0127119221 0.0767655348 -0.0245566501 0.0929270000 0.9621240000 -0.2562850000
0.0225239221 0.0763315348 -0.0205076501 0.0994990000 0.9359900000 -0.3376720000
0.0295769221 0.0767075348 -0.0205506501 -0.0048310000 0.9508430000 -0.3096360000
0.0364739221 0.0765975348 -0.0208526501 0.0004300000 0.9294600000 -0.3689220000
0.0452399221 0.0761415348 -0.0213256501 0.0027950000 0.9320470000 -0.3623270000
0.0523709221 0.0763945348 -0.0214806501 -0.0103000000 0.9188100000 -0.3945670000
0.0577599221 0.0768795348 -0.0196546501 0.0335840000 0.9489850000 -0.3135290000
0.0698279221 0.0730995348 -0.0213396501 0.5061130000 0.6790590000 -0.5317230000
-0.0444040779 0.0787075348 -0.0196246501 -0.2407460000 0.7933270000 -0.5591720000
-0.0312500779 0.0790715348 -0.0206446501 -0.0981480000 0.8306500000 -0.5480760000
-0.0277070779 0.0800085348 -0.0202196501 -0.0775370000 0.8793790000 -0.4697660000
-0.0194210779 0.0799835348 -0.0207256501 0.0530820000 0.9191580000 -0.3902950000
-0.0102640779 0.0783445348 -0.0222576501 -0.0141350000 0.9916200000 -0.1284140000
-0.0028010779 0.0783755348 -0.0210966501 -0.0094590000 0.9954550000 -0.0947580000
0.0042269221 0.0784465348 -0.0213416501 -0.0478400000 0.9817640000 -0.1839860000
0.0118899221 0.0783425348 -0.0213966501 -0.0074700000 0.9710520000 -0.2387500000
-0.0477740779 -0.0993984652 -0.0141206501 -0.8336740000 -0.5271370000 -0.1646670000
-0.0426100779 -0.1020984652 -0.0150306501 -0.1453820000 -0.9890540000 -0.0252380000
-0.0348270779 -0.1022074652 -0.0152446501 0.0261990000 -0.9996110000 0.0095160000
-0.0268150779 -0.1020154652 -0.0153776501 0.0284830000 -0.9995580000 0.0085290000
-0.0187190779 -0.1018114652 -0.0154116501 0.0468070000 -0.9988100000 0.0137010000
-0.0106830779 -0.1012774652 -0.0152776501 0.0505590000 -0.9983790000 0.0261390000
-0.0026830779 -0.1009944652 -0.0150616501 0.0289310000 -0.9990370000 0.0329940000
0.0052439221 -0.1007774652 -0.0151506501 0.0279250000 -0.9989310000 0.0368480000
0.0132349221 -0.1005934652 -0.0152216501 0.0229360000 -0.9990130000 0.0380440000
0.0212359221 -0.1004124652 -0.0153776501 0.0194660000 -0.9990890000 0.0379690000
0.0291229221 -0.1002874652 -0.0153716501 0.0174270000 -0.9993140000 0.0326740000
0.0370849221 -0.1003004652 -0.0153966501 -0.0094900000 -0.9995880000 0.0270740000
0.0449189221 -0.0997704652 -0.0152426501 0.2960470000 -0.9547820000 -0.0273460000
0.0493739221 -0.0981604652 -0.0130306501 0.6374550000 -0.7655420000 -0.0871620000
-0.0476390779 -0.0945604652 -0.0145106501 -0.9702750000 0.1302210000 -0.2039830000
-0.0463500779 -0.0918984652 -0.0166766501 -0.9477620000 0.2284090000 -0.2226580000
0.0486139221 -0.0976204652 -0.0177056501 0.5256540000 -0.8469990000 -0.0792570000
0.0521739221 -0.0941394652 -0.0150266501 0.8353010000 -0.5388010000 -0.1093880000
-0.0469610779 -0.0893554652 -0.0117336501 -0.9511000000 0.2588280000 -0.1685720000
-0.0450640779 -0.0857784652 -0.0151646501 -0.9349010000 0.2893940000 -0.2054560000
0.0542429221 -0.0861274652 -0.0147946501 0.9938770000 0.0174640000 -0.1091060000
-0.0421990779 -0.0781064652 -0.0152296501 -0.8698820000 0.4267430000 -0.2473770000
-0.0359350779 -0.0742594652 -0.0178816501 -0.2422230000 0.8636950000 -0.4419940000
-0.0286860779 -0.0741864652 -0.0179936501 -0.1444400000 0.9702150000 -0.1944760000
0.0483329221 -0.0745314652 -0.0183636501 0.7291400000 0.5865340000 -0.3526080000
0.0523789221 -0.0780624652 -0.0145286501 0.9026660000 0.3799130000 -0.2021410000
-0.0397740779 -0.0730254652 -0.0130176501 -0.6429720000 0.7235330000 -0.2511700000
-0.0349080779 -0.0722994652 -0.0145376501 -0.1931550000 0.9270600000 -0.3213260000
-0.0267570779 -0.0718064652 -0.0146996501 -0.1040390000 0.9523030000 -0.2868700000
-0.0186560779 -0.0698304652 -0.0147686501 -0.3195240000 0.8992740000 -0.2986800000
-0.0113630779 -0.0700474652 -0.0154496501 -0.3956740000 0.8906310000 -0.2240940000
-0.0038920779 -0.0686344652 -0.0154846501 -0.3418150000 0.9029340000 -0.2605240000
0.0052819221 -0.0674484652 -0.0152306501 -0.1053360000 0.9704560000 -0.2170710000
0.0119409221 -0.0668784652 -0.0165876501 -0.2559290000 0.9005410000 -0.3514640000
0.0474849221 -0.0699454652 -0.0141896501 0.8925220000 0.3484010000 -0.2863930000
0.0497279221 -0.0730254652 -0.0121096501 0.8661530000 0.4972050000 -0.0506520000
0.0141959221 -0.0628344652 -0.0141216501 -0.7050500000 0.4676580000 -0.5331040000
0.0187129221 -0.0648754652 -0.0184386501 -0.2698010000 0.7752410000 -0.5711460000
0.0465879221 -0.0608754652 -0.0130056501 0.9517630000 0.0100860000 -0.3066700000
0.0124909221 -0.0540244652 -0.0133966501 -0.8991870000 -0.2482280000 -0.3603410000
0.0473669221 -0.0530424652 -0.0127126501 0.9636470000 -0.0501330000 -0.2624340000
0.0081179221 -0.0429774652 -0.0121236501 -0.9331990000 -0.2422390000 -0.2654440000
0.0103309221 -0.0468334652 -0.0135706501 -0.8870600000 -0.2760400000 -0.3700360000
0.0477069221 -0.0455114652 -0.0126736501 0.9591400000 -0.0419610000 -0.2798030000
0.0072299221 -0.0377824652 -0.0127796501 -0.9214040000 -0.1941150000 -0.3366510000
0.0103609221 -0.0384994652 -0.0164096501 -0.8365900000 -0.1896290000 -0.5139630000
0.0478179221 -0.0376294652 -0.0133526501 0.9528750000 0.0184760000 -0.3028000000
0.0060889221 -0.0295474652 -0.0132656501 -0.9249910000 -0.1300770000 -0.3570330000
0.0467939221 -0.0296164652 -0.0137136501 0.9509190000 0.0957920000 -0.2942380000
0.0054059221 -0.0220624652 -0.0135446501 -0.9400720000 -0.0861990000 -0.3299010000
0.0460959221 -0.0213314652 -0.0136046501 0.9403890000 0.1976610000 -0.2767640000
0.0043209221 -0.0138624652 -0.0132396501 -0.9450900000 -0.1507580000 -0.2899620000
0.0412119221 -0.0105964652 -0.0177476501 0.8820780000 0.2273240000 -0.4126280000
0.0442599221 -0.0139744652 -0.0134546501 0.9326730000 0.2174400000 -0.2878210000
-0.0162240779 -0.0023584652 -0.0116736501 -0.3109210000 -0.9494280000 -0.0437520000
-0.0088930779 -0.0042704652 -0.0123716501 -0.2498830000 -0.9643170000 -0.0874760000
-0.0028500779 -0.0052374652 -0.0126256501 -0.3383050000 -0.9360190000 -0.0970430000
0.0026759221 -0.0080084652 -0.0132556501 -0.7913230000 -0.5709000000 -0.2188150000
0.0406619221 -0.0043344652 -0.0156496501 0.8962360000 0.2631190000 -0.3571110000
0.0425789221 -0.0065944652 -0.0132566501 0.9245780000 0.2822070000 -0.2559580000
-0.0160990779 0.0022275348 -0.0119566501 -0.9588560000 0.0195070000 -0.2832220000
-0.0140400779 -0.0011484652 -0.0117366501 -0.2960600000 -0.9548050000 -0.0263880000
0.0396079221 0.0022115348 -0.0138766501 0.9397650000 0.2155000000 -0.2653320000
-0.0154020779 0.0094345348 -0.0125526501 -0.9789880000 -0.0959340000 -0.1799410000
0.0385029221 0.0099305348 -0.0134036501 0.9727790000 0.0013030000 -0.2317320000
-0.0244740779 0.0198085348 -0.0118916501 -0.4685540000 -0.8547650000 -0.2232350000
-0.0208070779 0.0179435348 -0.0116236501 -0.6624210000 -0.7450060000 -0.0785170000
0.0395749221 0.0164515348 -0.0137206501 0.8315150000 -0.4967440000 -0.2486510000
0.0445749221 0.0205725348 -0.0131636501 0.4543830000 -0.8775850000 -0.1529080000
0.0517939221 0.0220245348 -0.0121806501 0.1258210000 -0.9863540000 -0.1061830000
-0.0313290779 0.0267795348 -0.0117316501 -0.8570060000 -0.4475040000 -0.2555000000
-0.0290520779 0.0234185348 -0.0126826501 -0.6315530000 -0.7251280000 -0.2744630000
0.0476559221 0.0228755348 -0.0152756501 0.2197690000 -0.9614030000 -0.1655480000
0.0536279221 0.0231635348 -0.0143946501 0.1423100000 -0.9788360000 -0.1470630000
0.0612989221 0.0253845348 -0.0141196501 0.5973470000 -0.7732280000 -0.2128270000
0.0654279221 0.0292975348 -0.0122966501 0.9399130000 -0.3348560000 -0.0665930000
-0.0673130779 0.0376845348 -0.0118526501 -0.0719830000 -0.9634310000 -0.2581070000
-0.0589800779 0.0378195348 -0.0118496501 -0.0303700000 -0.9795320000 -0.1989820000
-0.0493590779 0.0363455348 -0.0135296501 -0.4377290000 -0.8708290000 -0.2237180000
-0.0428030779 0.0349235348 -0.0139916501 -0.1097250000 -0.9748880000 -0.1937860000
-0.0353430779 0.0345445348 -0.0145516501 -0.1099810000 -0.9724550000 -0.2055130000
-0.0301580779 0.0342355348 -0.0152056501 -0.5097040000 -0.8419070000 -0.1771850000
0.0645789221 0.0324055348 -0.0147956501 0.8738450000 -0.4463880000 -0.1926990000
0.0690509221 0.0360355348 -0.0142176501 0.5903170000 -0.7881930000 -0.1740020000
0.0733869221 0.0381715348 -0.0130476501 0.6743770000 -0.7169630000 -0.1765790000
-0.0958400779 0.0453465348 -0.0120276501 -0.5653810000 -0.7773590000 -0.2757850000
-0.0905350779 0.0425035348 -0.0132566501 -0.3758920000 -0.8895080000 -0.2597710000
-0.0825920779 0.0402715348 -0.0124916501 -0.0585010000 -0.9906360000 -0.1233620000
-0.0752760779 0.0400925348 -0.0130346501 -0.1212150000 -0.9700630000 -0.2104390000
-0.0673170779 0.0393615348 -0.0142036501 -0.0809590000 -0.9452690000 -0.3160900000
-0.0589330779 0.0391835348 -0.0137466501 -0.0118980000 -0.9621850000 -0.2721370000
-0.0519520779 0.0393245348 -0.0151386501 -0.3496790000 -0.8895840000 -0.2938800000
0.0724479221 0.0388385348 -0.0165266501 0.6490310000 -0.7277300000 -0.2217380000
0.0756449221 0.0423155348 -0.0144546501 0.8661130000 -0.4642010000 -0.1853780000
-0.1002880779 0.0507335348 -0.0127046501 -0.8210480000 -0.4746590000 -0.3171420000
0.0775669221 0.0500405348 -0.0153046501 0.9857180000 -0.0571030000 -0.1584240000
-0.1032510779 0.0607405348 -0.0119256501 -0.9320760000 0.0787910000 -0.3535910000
-0.1007130779 0.0572645348 -0.0149576501 -0.8552090000 -0.0926590000 -0.5099330000
0.0773409221 0.0581615348 -0.0156446501 0.9932990000 -0.0251980000 -0.1127880000
-0.1030800779 0.0626225348 -0.0120006501 -0.9383310000 0.1536320000 -0.3097280000
-0.0992200779 0.0660745348 -0.0139696501 -0.7065440000 0.5016030000 -0.4991890000
-0.0927210779 0.0689435348 -0.0179026501 -0.5291800000 0.6032100000 -0.5967460000
0.0775059221 0.0657305348 -0.0152236501 0.9754620000 0.1353190000 -0.1736750000
-0.0961260779 0.0707575348 -0.0124716501 -0.5597400000 0.7125760000 -0.4229960000
-0.0909490779 0.0731155348 -0.0142966501 -0.4475400000 0.7759300000 -0.4445670000
-0.0824760779 0.0749545348 -0.0147456501 -0.0859240000 0.9254790000 -0.3689260000
-0.0748610779 0.0758905348 -0.0141696501 -0.1242210000 0.9234160000 -0.3631410000
-0.0685390779 0.0764035348 -0.0152956501 -0.1410250000 0.8967510000 -0.4194630000
-0.0583100779 0.0768165348 -0.0150506501 -0.0277550000 0.9288550000 -0.3694020000
-0.0509810779 0.0771715348 -0.0157556501 -0.4559730000 0.7987730000 -0.3924910000
-0.0161990779 0.0777615348 -0.0177126501 0.2348960000 0.9466380000 -0.2206840000
-0.0112960779 0.0775135348 -0.0172526501 0.1396520000 0.9813980000 -0.1317430000
-0.0050940779 0.0775285348 -0.0173006501 -0.0439170000 0.9924230000 -0.1147490000
0.0069649221 0.0779695348 -0.0189906501 0.0585570000 0.9546700000 -0.2918500000
0.0158219221 0.0779525348 -0.0178866501 0.1250920000 0.9386440000 -0.3214010000
0.0223459221 0.0774985348 -0.0181406501 0.0658380000 0.9471090000 -0.3140840000
0.0299359221 0.0779915348 -0.0169586501 0.0037090000 0.9685440000 -0.2488150000
0.0370829221 0.0771415348 -0.0181756501 0.0075760000 0.9753350000 -0.2205980000
0.0464839221 0.0779235348 -0.0167066501 -0.0042670000 0.9759320000 -0.2180350000
0.0526549221 0.0774595348 -0.0174406501 0.0156500000 0.9752720000 -0.2204510000
0.0620909221 0.0776645348 -0.0169006501 0.0732540000 0.9623160000 -0.2618800000
0.0698789221 0.0762845348 -0.0150886501 0.4247180000 0.8682350000 -0.2564790000
0.0751819221 0.0722645348 -0.0146356501 0.8265080000 0.5221910000 -0.2102400000
-0.0671130779 0.0785225348 -0.0118256501 -0.1034950000 0.9530870000 -0.2844530000
-0.0590040779 0.0783455348 -0.0116656501 0.0184840000 0.9542080000 -0.2985710000
-0.0491120779 0.0795635348 -0.0142386501 -0.5370590000 0.7945730000 -0.2832350000
-0.0430960779 0.0813145348 -0.0144116501 -0.1402930000 0.9522610000 -0.2711390000
-0.0349390779 0.0817385348 -0.0144676501 -0.0830050000 0.9702680000 -0.2273540000
-0.0272270779 0.0822825348 -0.0147126501 -0.0601870000 0.9610270000 -0.2698230000
-0.0192580779 0.0814705348 -0.0142846501 0.1855070000 0.9479110000 -0.2589440000
-0.0082330779 0.0788795348 -0.0149636501 0.0212650000 0.9919690000 -0.1246830000
-0.0024860779 0.0788735348 -0.0155866501 -0.0842570000 0.9843670000 -0.1546660000
0.0042049221 0.0803725348 -0.0148176501 -0.2266480000 0.9461310000 -0.2312290000
0.0125609221 0.0806295348 -0.0143836501 0.0602540000 0.9666120000 -0.2490580000
0.0216889221 0.0793825348 -0.0139456501 0.0940870000 0.9721110000 -0.2148210000
0.0293999221 0.0794215348 -0.0137126501 0.0091180000 0.9803000000 -0.1973050000
0.0371589221 0.0792485348 -0.0141456501 0.0059520000 0.9793230000 -0.2022170000
0.0452039221 0.0792345348 -0.0137406501 0.0069440000 0.9827240000 -0.1849460000
0.0533439221 0.0792155348 -0.0139836501 0.0040110000 0.9857270000 -0.1683010000
0.0614979221 0.0789465348 -0.0139946501 0.0466300000 0.9888100000 -0.1417050000
0.0670149221 0.0791705348 -0.0131056501 0.0856780000 0.9947720000 -0.0555670000
-0.0483190779 -0.1000634652 -0.0071076501 -0.7201960000 -0.6919080000 -0.0507980000
-0.0427980779 -0.1021564652 -0.0071846501 -0.0841540000 -0.9960780000 0.0273320000
-0.0348040779 -0.1020754652 -0.0069046501 0.0197770000 -0.9989870000 0.0404280000
-0.0268830779 -0.1018994652 -0.0070946501 0.0266860000 -0.9988640000 0.0394780000
-0.0186930779 -0.1016574652 -0.0069436501 0.0505180000 -0.9980180000 0.0375150000
-0.0107920779 -0.1010554652 -0.0074996501 0.0565930000 -0.9980120000 0.0277310000
-0.0028570779 -0.1008134652 -0.0071406501 0.0346950000 -0.9988240000 0.0338520000
0.0052679221 -0.1005224652 -0.0071046501 0.0311390000 -0.9986980000 0.0404050000
0.0132999221 -0.1002964652 -0.0071306501 0.0261660000 -0.9987010000 0.0437230000
0.0212269221 -0.1001304652 -0.0072296501 0.0149060000 -0.9989940000 0.0422900000
0.0291729221 -0.1000234652 -0.0071346501 0.0131780000 -0.9990680000 0.0410930000
0.0371129221 -0.1000324652 -0.0070906501 -0.0163620000 -0.9991050000 0.0389980000
0.0451279221 -0.0997444652 -0.0072796501 0.2352670000 -0.9718170000 0.0148970000
0.0496689221 -0.0982774652 -0.0071236501 0.5969770000 -0.8013360000 -0.0384490000
-0.0486540779 -0.0938164652 -0.0072526501 -0.9807320000 0.1619200000 -0.1093040000
0.0491019221 -0.0976834652 -0.0061286501 0.4783810000 -0.8780410000 -0.0139530000
0.0529059221 -0.0942894652 -0.0068256501 0.8502060000 -0.5247910000 -0.0417700000
-0.0473570779 -0.0881134652 -0.0062196501 -0.9555190000 0.2812520000 -0.0887670000
-0.0459380779 -0.0845084652 -0.0076346501 -0.9459690000 0.3062120000 -0.1066610000
0.0546929221 -0.0861544652 -0.0073006501 0.9986750000 -0.0339630000 -0.0386590000
-0.0435380779 -0.0777824652 -0.0072486501 -0.9132940000 0.3963520000 -0.0938050000
0.0484899221 -0.0744304652 -0.0059156501 0.8275080000 0.5583020000 0.0594190000
0.0535509221 -0.0782234652 -0.0072436501 0.9346630000 0.3551440000 -0.0166470000
-0.0405870779 -0.0722984652 -0.0067606501 -0.7235960000 0.6820690000 -0.1057890000
-0.0347660779 -0.0708084652 -0.0068876501 -0.1622500000 0.9813340000 -0.1032390000
-0.0267940779 -0.0702304652 -0.0065356501 -0.0983480000 0.9912400000 -0.0881520000
-0.0190260779 -0.0681894652 -0.0069146501 -0.3358650000 0.9383410000 -0.0819180000
-0.0117380779 -0.0667414652 -0.0072866501 -0.1370710000 0.9844750000 -0.1096330000
-0.0023170779 -0.0668064652 -0.0073966501 0.0220150000 0.9961200000 -0.0852050000
0.0043389221 -0.0667564652 -0.0073446501 -0.1493210000 0.9865240000 -0.0668850000
0.0097789221 -0.0658414652 -0.0048596501 -0.4331980000 0.8953060000 0.1037570000
0.0485569221 -0.0693554652 -0.0071616501 0.9947240000 0.0904540000 0.0484000000
0.0497999221 -0.0718784652 -0.0091026501 0.9400090000 0.3286810000 0.0913870000
-0.0091240779 -0.0654414652 -0.0059586501 -0.0636720000 0.9935500000 -0.0938270000
0.0076829221 -0.0653484652 -0.0061136501 -0.4345410000 0.8943140000 -0.1066580000
0.0109519221 -0.0614804652 -0.0068246501 -0.9588190000 0.2647980000 -0.1027020000
0.0484939221 -0.0616624652 -0.0066046501 0.9999030000 0.0137810000 0.0021660000
0.0088969221 -0.0508764652 -0.0058776501 -0.9457680000 -0.3244210000 0.0165410000
0.0103159221 -0.0542544652 -0.0069426501 -0.9667770000 -0.2488790000 -0.0583270000
0.0487439221 -0.0540414652 -0.0067696501 0.9983250000 -0.0571750000 -0.0089000000
0.0493429221 -0.0522044652 -0.0061266501 0.9992490000 -0.0366630000 0.0125770000
0.0074549221 -0.0458324652 -0.0066466501 -0.9573050000 -0.2866260000 -0.0375910000
0.0093989221 -0.0496054652 -0.0103896501 -0.9092130000 -0.3135920000 -0.2738450000
0.0488189221 -0.0459634652 -0.0067036501 0.9996360000 -0.0268290000 0.0027080000
0.0494979221 -0.0454684652 -0.0059856501 0.9971900000 -0.0456970000 0.0593610000
0.0054809221 -0.0377784652 -0.0068316501 -0.9780550000 -0.2027990000 -0.0477610000
0.0489469221 -0.0377404652 -0.0076146501 0.9996190000 0.0232260000 -0.0149410000
0.0495229221 -0.0376544652 -0.0062366501 0.9990540000 0.0229950000 0.0369070000
0.0041849221 -0.0298204652 -0.0068786501 -0.9902720000 -0.1304540000 -0.0484130000
0.0485299221 -0.0294144652 -0.0066886501 0.9957690000 0.0907940000 0.0141740000
0.0493589221 -0.0332284652 -0.0064566501 0.9909080000 0.1327370000 -0.0219740000
0.0033599221 -0.0218304652 -0.0067976501 -0.9963070000 -0.0782310000 -0.0353880000
0.0476909221 -0.0219184652 -0.0065346501 0.9800720000 0.1966690000 0.0279410000
0.0495669221 -0.0240594652 -0.0043386501 0.8590830000 0.1524490000 0.4886060000
0.0027839221 -0.0140314652 -0.0064596501 -0.9928010000 -0.1183380000 0.0185220000
0.0456399221 -0.0138354652 -0.0065966501 0.9726520000 0.2308350000 0.0257720000
-0.0171570779 -0.0023964652 -0.0070866501 -0.2207120000 -0.9705910000 0.0961170000
-0.0103490779 -0.0040804652 -0.0068716501 -0.2840990000 -0.9582830000 0.0313350000
-0.0027730779 -0.0058504652 -0.0070066501 -0.3953360000 -0.9181800000 0.0256080000
0.0018629221 -0.0086664652 -0.0067756501 -0.8526810000 -0.5198520000 0.0518590000
0.0436319221 -0.0058804652 -0.0066736501 0.9537930000 0.2982220000 0.0366310000
-0.0182890779 0.0015555348 -0.0066066501 -0.9947090000 -0.1011710000 -0.0178210000
-0.0141220779 -0.0015984652 -0.0075926501 -0.2688040000 -0.9627260000 0.0300460000
0.0406689221 0.0038815348 -0.0070676501 0.9757550000 0.2188000000 0.0053510000
0.0416829221 0.0005985348 -0.0063146501 0.9674000000 0.2473940000 0.0541550000
-0.0179150779 0.0103575348 -0.0064786501 -0.9828780000 -0.1734160000 0.0622670000
0.0398209221 0.0105575348 -0.0065646501 0.9964880000 -0.0385410000 0.0743410000
0.0412889221 0.0095225348 -0.0044766501 0.7743840000 -0.0010330000 0.6327150000
-0.0318290779 0.0220115348 -0.0039096501 -0.5561550000 -0.5064800000 0.6589150000
-0.0263230779 0.0196185348 -0.0063896501 -0.4704630000 -0.8753320000 0.1116200000
-0.0208610779 0.0167795348 -0.0064806501 -0.7412650000 -0.6602550000 0.1207890000
0.0405619221 0.0155795348 -0.0064306501 0.9039450000 -0.4147330000 0.1043080000
0.0448899221 0.0200875348 -0.0068896501 0.5216370000 -0.8472230000 0.1005380000
0.0516699221 0.0219475348 -0.0080016501 0.1386640000 -0.9884720000 0.0607970000
0.0579289221 0.0221755348 -0.0096846501 0.3685010000 -0.9296270000 0.0011210000
-0.0324840779 0.0251855348 -0.0060736501 -0.8426130000 -0.5189400000 0.1438920000
-0.0297610779 0.0229145348 -0.0070036501 -0.6229520000 -0.7822340000 0.0064710000
0.0483259221 0.0224315348 -0.0058656501 0.2691620000 -0.9501230000 0.1575370000
0.0536949221 0.0228525348 -0.0069126501 0.1392040000 -0.9841360000 0.1099970000
0.0616119221 0.0250085348 -0.0068936501 0.5648100000 -0.8189550000 0.1015020000
0.0654859221 0.0289505348 -0.0072526501 0.9493820000 -0.3086560000 0.0583490000
-0.0880630779 0.0381595348 -0.0064796501 -0.1357740000 -0.9887040000 -0.0634810000
-0.0828420779 0.0380005348 -0.0050756501 -0.0594020000 -0.9883820000 0.1399010000
-0.0742490779 0.0378135348 -0.0056286501 -0.1365990000 -0.9866860000 0.0882670000
-0.0665770779 0.0373235348 -0.0066806501 -0.0577400000 -0.9983160000 -0.0055790000
-0.0588480779 0.0375415348 -0.0064216501 0.0180260000 -0.9998380000 -0.0000970000
-0.0502920779 0.0362475348 -0.0072026501 -0.3330740000 -0.9427430000 0.0172440000
-0.0429100779 0.0343445348 -0.0071876501 -0.1005990000 -0.9941690000 0.0388310000
-0.0356390779 0.0335545348 -0.0070306501 -0.3769300000 -0.9242710000 0.0603920000
0.0650939221 0.0319215348 -0.0048186501 0.9261440000 -0.3083650000 0.2171810000
0.0688019221 0.0351425348 -0.0068706501 0.6535010000 -0.7421270000 0.1489460000
0.0735309221 0.0378095348 -0.0096346501 0.6893900000 -0.7243720000 -0.0051350000
-0.0970730779 0.0445665348 -0.0062246501 -0.5745290000 -0.8176550000 -0.0368480000
-0.0908140779 0.0409915348 -0.0070326501 -0.3840640000 -0.9227480000 -0.0321000000
-0.0828460779 0.0394055348 -0.0070966501 -0.0514080000 -0.9985610000 0.0152620000
-0.0748980779 0.0389885348 -0.0069796501 -0.1205370000 -0.9926120000 -0.0139000000
-0.0693930779 0.0384795348 -0.0075396501 -0.1726630000 -0.9847640000 -0.0206920000
-0.0582610779 0.0383775348 -0.0102126501 -0.0128260000 -0.9949130000 -0.0999180000
-0.0533010779 0.0384655348 -0.0095016501 -0.2455010000 -0.9693890000 -0.0039180000
0.0727069221 0.0384265348 -0.0047536501 0.6131640000 -0.7589240000 0.2192350000
0.0758259221 0.0417985348 -0.0068896501 0.8556760000 -0.5066080000 0.1056710000
-0.1032260779 0.0529335348 -0.0058976501 -0.9377750000 -0.3258960000 -0.1198740000
-0.1006900779 0.0489155348 -0.0073366501 -0.8197870000 -0.5553060000 -0.1399440000
0.0781109221 0.0496425348 -0.0069486501 0.9948600000 -0.0760350000 0.0668700000
-0.1039640779 0.0581935348 -0.0069196501 -0.9908890000 -0.0790370000 -0.1090460000
-0.1027080779 0.0545115348 -0.0096806501 -0.9413230000 -0.2423680000 -0.2348800000
0.0778809221 0.0585025348 -0.0071776501 0.9977150000 -0.0288450000 0.0611040000
-0.1035840779 0.0639465348 -0.0063816501 -0.9583390000 0.2577400000 -0.1231090000
-0.1009520779 0.0680085348 -0.0074966501 -0.7812070000 0.5924840000 -0.1966710000
0.0780199221 0.0661585348 -0.0069176501 0.9828290000 0.1673900000 0.0776400000
-0.0972540779 0.0720935348 -0.0066816501 -0.6074360000 0.7839950000 -0.1279550000
-0.0910240779 0.0757145348 -0.0070436501 -0.4318610000 0.8923300000 -0.1313110000
-0.0830390779 0.0771115348 -0.0080436501 -0.0730390000 0.9915930000 -0.1068100000
-0.0748320779 0.0772565348 -0.0087286501 -0.1205720000 0.9835140000 -0.1347660000
-0.0673050779 0.0778615348 -0.0071886501 -0.1067060000 0.9909320000 0.0816510000
-0.0579180779 0.0779325348 -0.0051806501 -0.0106220000 0.9619230000 0.2731130000
-0.0528060779 0.0778985348 -0.0054236501 -0.1470500000 0.9532340000 0.2640470000
0.0410669221 0.0781595348 -0.0033406501 0.0232850000 0.9230790000 0.3839040000
0.0461009221 0.0781295348 -0.0036796501 0.0148960000 0.9383150000 0.3454600000
0.0538269221 0.0781155348 -0.0036606501 0.0216740000 0.9264200000 0.3758670000
0.0623679221 0.0780425348 -0.0043426501 0.0955360000 0.9390430000 0.3302600000
0.0700289221 0.0771195348 -0.0066336501 0.3862830000 0.9060310000 0.1728940000
0.0754179221 0.0730535348 -0.0070846501 0.8109850000 0.5729410000 0.1184980000
-0.0807570779 0.0783315348 -0.0048326501 -0.0418560000 0.9966810000 0.0698230000
-0.0747510779 0.0784185348 -0.0056676501 -0.0947420000 0.9952770000 -0.0211720000
-0.0673610779 0.0791245348 -0.0067466501 -0.1309260000 0.9882320000 -0.0790890000
-0.0591210779 0.0790515348 -0.0069006501 0.0251230000 0.9980920000 -0.0564020000
-0.0500150779 0.0802735348 -0.0071366501 -0.3933660000 0.9187160000 -0.0349830000
-0.0426280779 0.0818805348 -0.0077896501 -0.1062830000 0.9942490000 -0.0131750000
-0.0346900779 0.0822405348 -0.0073226501 -0.1105970000 0.9938570000 -0.0040710000
-0.0268500779 0.0835935348 -0.0070126501 -0.1021340000 0.9947240000 -0.0096240000
-0.0189560779 0.0829475348 -0.0067096501 0.2202910000 0.9753320000 0.0141250000
-0.0105490779 0.0796185348 -0.0063496501 0.1221170000 0.9916240000 0.0420680000
-0.0032250779 0.0798345348 -0.0070796501 -0.0701620000 0.9974560000 0.0125910000
0.0045219221 0.0814665348 -0.0071476501 -0.2454890000 0.9689360000 0.0299680000
0.0130149221 0.0814955348 -0.0069216501 0.0894420000 0.9937700000 0.0664980000
0.0211009221 0.0800075348 -0.0069826501 0.1297680000 0.9875980000 0.0883810000
0.0291169221 0.0797815348 -0.0072076501 0.0247740000 0.9964230000 0.0807980000
0.0374689221 0.0796125348 -0.0071296501 0.0174650000 0.9947090000 0.1012380000
0.0455629221 0.0794725348 -0.0074346501 0.0086330000 0.9958330000 0.0907870000
0.0534779221 0.0794565348 -0.0070566501 0.0103120000 0.9939000000 0.1098050000
0.0615499221 0.0792795348 -0.0070766501 0.0614740000 0.9925240000 0.1054340000
0.0681359221 0.0788905348 -0.0073796501 0.1602570000 0.9801350000 0.1168500000
-0.0484030779 -0.0998284652 0.0006273499 -0.7562030000 -0.6481230000 0.0899640000
-0.0429700779 -0.1018154652 0.0003373499 -0.1008420000 -0.9942720000 0.0354240000
-0.0348440779 -0.1017314652 0.0005403499 0.0266990000 -0.9993020000 0.0261130000
-0.0266580779 -0.1014944652 0.0007013499 0.0251330000 -0.9991650000 0.0322090000
-0.0187180779 -0.1013134652 0.0009583499 0.0377440000 -0.9989690000 0.0252360000
-0.0108070779 -0.1008404652 0.0006663499 0.0642360000 -0.9975960000 0.0259870000
-0.0028770779 -0.1004734652 0.0004883499 0.0364380000 -0.9990000000 0.0259230000
0.0051519221 -0.1002164652 0.0003543499 0.0296850000 -0.9993410000 0.0208710000
0.0131649221 -0.0999994652 0.0006063499 0.0253540000 -0.9995170000 0.0179870000
0.0210759221 -0.0998314652 0.0006423499 0.0175820000 -0.9996470000 0.0199060000
0.0290519221 -0.0996984652 0.0007543499 0.0168630000 -0.9994470000 0.0286560000
0.0372569221 -0.0997984652 0.0009173499 -0.0263280000 -0.9993170000 0.0259470000
0.0452769221 -0.0995444652 0.0007513499 0.2498500000 -0.9677050000 0.0334950000
0.0497149221 -0.0982964652 0.0000433499 0.5871450000 -0.8083130000 0.0434730000
-0.0488410779 -0.0939904652 0.0009793499 -0.9907970000 0.0909700000 0.1002330000
0.0489139221 -0.0976944652 0.0027653499 0.5196270000 -0.8514320000 0.0710790000
0.0527039221 -0.0944874652 0.0008963499 0.8321110000 -0.5512440000 0.0610020000
-0.0474050779 -0.0879034652 0.0005283499 -0.9566930000 0.2801400000 0.0791160000
-0.0460060779 -0.0841234652 0.0010983499 -0.9421940000 0.3199370000 0.0995540000
0.0548129221 -0.0859334652 0.0006593499 0.9993340000 0.0106500000 0.0348870000
-0.0437010779 -0.0778414652 0.0009273499 -0.9127400000 0.3976900000 0.0935370000
0.0534239221 -0.0780294652 0.0009413499 0.9172930000 0.3820400000 0.1123380000
-0.0406500779 -0.0722194652 0.0008613499 -0.7240500000 0.6832710000 0.0942970000
-0.0349100779 -0.0706334652 0.0009053499 -0.1737160000 0.9809460000 0.0869960000
-0.0267070779 -0.0701564652 0.0011483499 -0.0883380000 0.9905860000 0.1045700000
-0.0189360779 -0.0682564652 0.0009613499 -0.3092330000 0.9430350000 0.1227200000
-0.0114980779 -0.0669144652 0.0009833499 -0.1350400000 0.9808180000 0.1405730000
-0.0027530779 -0.0669254652 0.0008543499 0.0344910000 0.9942880000 0.1010060000
0.0047399221 -0.0667884652 0.0014093499 -0.1298560000 0.9829840000 0.1299220000
0.0105679221 -0.0664464652 0.0020613499 -0.4382930000 0.8276970000 0.3504520000
0.0478199221 -0.0683934652 0.0014923499 0.8712340000 0.2972510000 0.3906320000
0.0498749221 -0.0720604652 0.0008183499 0.8543430000 0.4770170000 0.2062840000
-0.0095170779 -0.0654964652 0.0004413499 -0.0984640000 0.9898120000 0.1028410000
-0.0064880779 -0.0657174652 -0.0021446501 0.0855840000 0.9954940000 0.0408310000
0.0078279221 -0.0653374652 -0.0006306501 -0.4438660000 0.8764480000 0.1866060000
0.0124619221 -0.0612294652 0.0016473499 -0.8227740000 0.1734960000 0.5412410000
0.0466789221 -0.0616144652 0.0014503499 0.8422450000 0.0526560000 0.5365160000
0.0497769221 -0.0621764652 -0.0021126501 0.7629710000 0.0844220000 0.6408970000
0.0088259221 -0.0510154652 -0.0016036501 -0.8802460000 -0.2951560000 0.3715510000
0.0115909221 -0.0538734652 0.0015203499 -0.8360580000 -0.2095620000 0.5070420000
0.0469059221 -0.0539114652 0.0015173499 0.8404150000 -0.0670850000 0.5377750000
0.0496979221 -0.0533404652 -0.0002746501 0.7662920000 -0.0488750000 0.6406300000
0.0079249221 -0.0452504652 -0.0000396501 -0.8803790000 -0.2597400000 0.3968220000
0.0102729221 -0.0466604652 0.0031963499 -0.7673450000 -0.2482250000 0.5912410000
0.0472409221 -0.0458024652 0.0014323499 0.8641330000 -0.0162420000 0.5030010000
0.0495769221 -0.0443534652 -0.0016886501 0.8836760000 -0.0208030000 0.4676360000
0.0068429221 -0.0376874652 0.0011593499 -0.8580440000 -0.1674000000 0.4855280000
0.0095339221 -0.0405524652 0.0042063499 -0.7377810000 -0.1642810000 0.6547450000
0.0473929221 -0.0379094652 0.0016983499 0.8537990000 -0.0069270000 0.5205570000
0.0496909221 -0.0379444652 -0.0021276501 0.9273210000 0.0105280000 0.3741190000
0.0057139221 -0.0298254652 0.0012723499 -0.8587590000 -0.1115300000 0.5000940000
0.0468329221 -0.0297044652 0.0014783499 0.8631510000 0.0885040000 0.4971290000
0.0495629221 -0.0301344652 -0.0011026501 0.8220830000 0.1056390000 0.5594820000
0.0049539221 -0.0218804652 0.0012853499 -0.8666260000 -0.0641910000 0.4948110000
0.0459719221 -0.0219404652 0.0015093499 0.8562870000 0.1570260000 0.4920520000
0.0045299221 -0.0138374652 0.0013033499 -0.8606860000 -0.0855930000 0.5018900000
0.0407309221 -0.0112124652 0.0045543499 0.6956690000 0.1568530000 0.7010290000
0.0438849221 -0.0135954652 0.0013243499 0.8465760000 0.2092740000 0.4894010000
-0.0167310779 -0.0022774652 -0.0015526501 -0.2062500000 -0.8469840000 0.4899780000
-0.0095000779 -0.0035324652 0.0002633499 -0.3891100000 -0.7549540000 0.5278610000
-0.0026370779 -0.0045614652 0.0013773499 -0.3172570000 -0.7992710000 0.5104050000
0.0031969221 -0.0074364652 0.0021813499 -0.6691660000 -0.4859950000 0.5621620000
0.0403569221 -0.0046704652 0.0034643499 0.7666350000 0.2405470000 0.5953210000
0.0426229221 -0.0064354652 0.0004943499 0.8651120000 0.2573160000 0.4305450000
-0.0168980779 0.0014915348 -0.0000006501 -0.5904420000 -0.2009900000 0.7816530000
-0.0110100779 0.0019345348 0.0019023499 -0.2913640000 -0.1376930000 0.9466510000
-0.0059380779 0.0021545348 0.0040873499 -0.4554470000 -0.0740500000 0.8871780000
0.0391689221 0.0024235348 0.0015923499 0.8292700000 0.2142010000 0.5161670000
0.0415479221 0.0006875348 -0.0017276501 0.8932140000 0.2342680000 0.3837800000
-0.0165960779 0.0105345348 -0.0002346501 -0.6676320000 -0.0908690000 0.7389250000
-0.0109590779 0.0102085348 0.0018743499 -0.1980640000 0.0155310000 0.9800660000
-0.0057600779 0.0103235348 0.0037503499 -0.5271400000 0.0172420000 0.8496040000
0.0376429221 0.0103435348 0.0013393499 0.8248500000 0.0760480000 0.5602130000
0.0412609221 0.0139195348 -0.0023036501 0.6641800000 -0.2300870000 0.7112840000
-0.0309390779 0.0217625348 -0.0026086501 -0.3974070000 -0.3571930000 0.8452700000
-0.0254110779 0.0205005348 -0.0007006501 -0.3757510000 -0.7125500000 0.5925230000
-0.0185290779 0.0184095348 0.0007103499 -0.3336160000 -0.3620360000 0.8704200000
-0.0106620779 0.0182655348 0.0021763499 -0.2406050000 -0.1465870000 0.9594900000
-0.0059580779 0.0176895348 0.0042183499 -0.4261560000 -0.1040260000 0.8986490000
0.0380739221 0.0181785348 0.0020763499 0.6181410000 -0.2860190000 0.7321850000
0.0433879221 0.0207985348 -0.0009626501 0.4983550000 -0.7223860000 0.4793750000
0.0522499221 0.0219495348 -0.0016066501 0.1219710000 -0.6008900000 0.7899710000
-0.0318240779 0.0262175348 -0.0009866501 -0.8020530000 -0.3091040000 0.5110440000
-0.0268830779 0.0258685348 0.0025813499 -0.3683130000 -0.3498440000 0.8613680000
-0.0187450779 0.0258335348 0.0038993499 -0.0174160000 -0.2825170000 0.9591040000
-0.0111300779 0.0257285348 0.0041773499 -0.0984490000 -0.1909310000 0.9766540000
-0.0059520779 0.0242945348 0.0046013499 -0.1572420000 -0.0640280000 0.9854820000
0.0393629221 0.0237485348 0.0039993499 0.2811770000 -0.3916780000 0.8760870000
0.0456129221 0.0244405348 0.0022153499 0.2131710000 -0.6930160000 0.6886860000
0.0532079221 0.0252035348 0.0014023499 0.1080730000 -0.8049910000 0.5833610000
0.0606099221 0.0269635348 0.0009913499 0.5034410000 -0.6282930000 0.5931230000
0.0653769221 0.0295165348 -0.0029376501 0.9130620000 -0.3081260000 0.2671620000
-0.0842960779 0.0375795348 -0.0031676501 -0.1182880000 -0.9192460000 0.3754920000
-0.0743190779 0.0378845348 -0.0024166501 -0.1536760000 -0.9506000000 0.2697110000
-0.0664470779 0.0376975348 -0.0009406501 -0.0436340000 -0.9698110000 0.2399220000
-0.0590030779 0.0377295348 -0.0012136501 0.0243290000 -0.9687090000 0.2470040000
-0.0494850779 0.0363345348 0.0002063499 -0.3870100000 -0.8907250000 0.2383940000
-0.0427480779 0.0350185348 0.0013393499 -0.0826860000 -0.9584180000 0.2731260000
-0.0344570779 0.0340145348 0.0010203499 -0.2807590000 -0.8661730000 0.4134230000
-0.0270050779 0.0328685348 0.0034853499 -0.2931060000 -0.3274490000 0.8982570000
-0.0185220779 0.0330625348 0.0043903499 0.0425300000 -0.1750450000 0.9836410000
-0.0111940779 0.0338055348 0.0044323499 -0.0374160000 -0.1404450000 0.9893810000
-0.0054290779 0.0349315348 0.0046003499 -0.0982050000 -0.1694120000 0.9806400000
0.0562159221 0.0344775348 0.0046733499 0.1467740000 0.0100610000 0.9891190000
0.0621139221 0.0341605348 0.0026213499 0.5369120000 -0.2457670000 0.8070460000
0.0678309221 0.0366965348 -0.0008256501 0.4880600000 -0.7482060000 0.4494270000
-0.0967090779 0.0449505348 0.0000863499 -0.5427910000 -0.7808610000 0.3092470000
-0.0908740779 0.0419475348 0.0008433499 -0.3732170000 -0.8628320000 0.3409260000
-0.0827630779 0.0402605348 0.0005073499 -0.0436460000 -0.9389360000 0.3413130000
-0.0748320779 0.0399345348 0.0009813499 -0.1144090000 -0.9355070000 0.3342700000
-0.0669550779 0.0391695348 0.0022223499 -0.0789900000 -0.9259680000 0.3692470000
-0.0586400779 0.0392075348 0.0020853499 0.0238760000 -0.9231110000 0.3837920000
-0.0524130779 0.0391685348 0.0021403499 -0.2571010000 -0.8835830000 0.3913820000
-0.0144810779 0.0382105348 0.0043983499 0.1288320000 -0.5710770000 0.8107240000
0.0628779221 0.0387885348 0.0041253499 0.2495490000 -0.5723280000 0.7811310000
0.0700339221 0.0399145348 0.0021633499 0.4341790000 -0.7389590000 0.5151970000
0.0749649221 0.0431795348 0.0003913499 0.7885260000 -0.5032010000 0.3535760000
-0.1032500779 0.0521515348 -0.0004526501 -0.9132400000 -0.3164280000 0.2566440000
-0.1001470779 0.0494715348 0.0020293499 -0.7029500000 -0.5463100000 0.4554190000
0.0769019221 0.0497445348 0.0014193499 0.9353170000 -0.1909700000 0.2978470000
-0.1037240779 0.0582255348 0.0003133499 -0.9499010000 -0.0707860000 0.3044300000
-0.1022050779 0.0575295348 0.0036623499 -0.8244570000 -0.0848690000 0.5595250000
0.0773689221 0.0582435348 0.0012453499 0.9827720000 0.0100140000 0.1845510000
-0.1035800779 0.0645735348 0.0000163499 -0.9194800000 0.2478570000 0.3051630000
-0.1004720779 0.0668925348 0.0022623499 -0.7197440000 0.4981030000 0.4835930000
0.0766539221 0.0662025348 0.0010323499 0.9059280000 0.2846450000 0.3134830000
-0.0968660779 0.0717675348 0.0002863499 -0.5820840000 0.7568070000 0.2973570000
-0.0910730779 0.0748485348 0.0011233499 -0.4117790000 0.8491420000 0.3307510000
-0.0828590779 0.0765575348 0.0006673499 -0.0542200000 0.9447360000 0.3233180000
-0.0749480779 0.0767465348 0.0010893499 -0.1028290000 0.9346540000 0.3403630000
-0.0674820779 0.0773335348 0.0026253499 -0.1261140000 0.9055470000 0.4050670000
-0.0589070779 0.0771825348 0.0025883499 0.0307170000 0.9061850000 0.4217640000
-0.0517200779 0.0771725348 0.0026403499 -0.2360790000 0.8815520000 0.4088200000
-0.0159550779 0.0781515348 0.0040463499 0.3142990000 0.9259340000 0.2094340000
-0.0096270779 0.0781415348 0.0009113499 0.1074240000 0.9899500000 0.0919700000
-0.0026680779 0.0780475348 0.0008143499 -0.0558110000 0.9933530000 0.1006720000
0.0017379221 0.0779795348 -0.0004666501 -0.1095620000 0.9801140000 0.1654470000
0.0152359221 0.0778095348 0.0041273499 0.2257400000 0.8809260000 0.4159470000
0.0219529221 0.0771415348 0.0028613499 0.1382820000 0.8804880000 0.4534520000
0.0290389221 0.0770035348 0.0025703499 0.0328720000 0.8772340000 0.4789360000
0.0371939221 0.0769545348 0.0020483499 0.0246540000 0.8892410000 0.4567740000
0.0451699221 0.0768105348 0.0020063499 0.0202870000 0.8814390000 0.4718630000
0.0533909221 0.0766585348 0.0021293499 0.0221450000 0.8685330000 0.4951370000
0.0615929221 0.0764275348 0.0018143499 0.0786640000 0.8702510000 0.4862870000
0.0695859221 0.0748555348 0.0015053499 0.3685100000 0.8015170000 0.4709250000
0.0745059221 0.0719615348 -0.0000556501 0.7322370000 0.5822750000 0.3532490000
-0.0826110779 0.0783405348 -0.0030356501 -0.0354830000 0.9697710000 0.2414230000
-0.0734910779 0.0786205348 -0.0022056501 -0.1319960000 0.9590850000 0.2504670000
-0.0669360779 0.0789515348 -0.0003056501 -0.1098100000 0.9644380000 0.2404200000
-0.0588200779 0.0788405348 -0.0006126501 0.0419510000 0.9755070000 0.2159320000
-0.0493720779 0.0800045348 0.0004623499 -0.4504070000 0.8435080000 0.2926230000
-0.0425990779 0.0813235348 0.0016263499 -0.1195570000 0.9471460000 0.2976930000
-0.0347490779 0.0818075348 0.0013123499 -0.0634680000 0.9565450000 0.2845920000
-0.0266350779 0.0824925348 0.0007383499 -0.0546180000 0.9569780000 0.2849740000
-0.0191150779 0.0819075348 0.0008523499 0.1760250000 0.9464810000 0.2705360000
-0.0102130779 0.0791705348 -0.0001096501 0.0916770000 0.9888770000 0.1171260000
-0.0029450779 0.0791425348 -0.0000606501 -0.0338370000 0.9934760000 0.1089020000
0.0050379221 0.0803185348 0.0005083499 -0.1743570000 0.9553840000 0.2384130000
0.0128899221 0.0801045348 0.0005003499 0.1171490000 0.9492220000 0.2919820000
0.0208979221 0.0791025348 -0.0002446501 0.1485670000 0.9386010000 0.3113760000
0.0290809221 0.0788425348 -0.0010506501 0.0276290000 0.9483920000 0.3158940000
0.0368529221 0.0787255348 -0.0011816501 0.0206770000 0.9480330000 0.3174990000
0.0449619221 0.0789015348 -0.0014306501 0.0176640000 0.9514000000 0.3074520000
0.0529529221 0.0787295348 -0.0014886501 0.0107250000 0.9523750000 0.3047410000
0.0608059221 0.0788255348 -0.0014366501 0.0591110000 0.9404780000 0.3346760000
0.0667229221 0.0787715348 -0.0025636501 0.1442760000 0.9468170000 0.2876130000
-0.0476180779 -0.0992124652 0.0079633499 -0.8033160000 -0.5590270000 0.2053570000
-0.0430750779 -0.1014334652 0.0088743499 -0.2480640000 -0.9645540000 0.0900040000
-0.0347830779 -0.1016854652 0.0085313499 0.0318220000 -0.9994350000 0.0107830000
-0.0268390779 -0.1014244652 0.0087233499 0.0354340000 -0.9992640000 0.0147210000
-0.0188340779 -0.1011244652 0.0090243499 0.0315800000 -0.9991600000 0.0261280000
-0.0109410779 -0.1007244652 0.0089233499 0.0539380000 -0.9985070000 0.0086230000
-0.0027840779 -0.1004334652 0.0088643499 0.0319580000 -0.9994870000 -0.0018910000
0.0052059221 -0.1001564652 0.0087123499 0.0310820000 -0.9995160000 0.0013620000
0.0131839221 -0.0999454652 0.0085603499 0.0274030000 -0.9996230000 0.0018810000
0.0212229221 -0.0997694652 0.0085003499 0.0210860000 -0.9997660000 -0.0047680000
0.0291699221 -0.0995574652 0.0082973499 0.0242520000 -0.9996920000 -0.0051960000
0.0372699221 -0.0996324652 0.0083213499 -0.0218380000 -0.9996560000 0.0145340000
0.0450709221 -0.0992384652 0.0087423499 0.2965290000 -0.9526420000 0.0674130000
0.0494989221 -0.0980484652 0.0050673499 0.6392100000 -0.7633850000 0.0930270000
-0.0477040779 -0.0944044652 0.0083373499 -0.9671570000 0.0989640000 0.2341220000
-0.0462990779 -0.0920834652 0.0110293499 -0.9366310000 0.2203960000 0.2723010000
0.0485119221 -0.0973894652 0.0098053499 0.5504440000 -0.8284340000 0.1034850000
0.0520229221 -0.0940254652 0.0086903499 0.8169840000 -0.5577330000 0.1465320000
-0.0470990779 -0.0890634652 0.0061473499 -0.9423950000 0.2667770000 0.2017990000
-0.0451000779 -0.0856784652 0.0089213499 -0.9217930000 0.3026450000 0.2422870000
0.0543529221 -0.0861384652 0.0091453499 0.9790930000 0.0385440000 0.1997280000
-0.0421320779 -0.0776374652 0.0087403499 -0.8565480000 0.4384940000 0.2721200000
-0.0359160779 -0.0743144652 0.0116693499 -0.2830760000 0.8128760000 0.5090200000
-0.0283760779 -0.0738414652 0.0121973499 -0.0514490000 0.8229110000 0.5658360000
0.0478949221 -0.0747424652 0.0111963499 0.5535600000 0.6825230000 0.4772150000
0.0518929221 -0.0783794652 0.0090193499 0.8264870000 0.4146320000 0.3807880000
-0.0398570779 -0.0728494652 0.0075553499 -0.6634310000 0.6951070000 0.2769210000
-0.0348840779 -0.0720684652 0.0090203499 -0.1937010000 0.9013700000 0.3873140000
-0.0268190779 -0.0716994652 0.0091953499 -0.0640570000 0.9186080000 0.3899440000
-0.0188660779 -0.0702584652 0.0094443499 -0.3040340000 0.8369640000 0.4550320000
-0.0106300779 -0.0682064652 0.0088243499 -0.1121180000 0.9269030000 0.3581630000
-0.0028210779 -0.0681844652 0.0089343499 -0.0233850000 0.9600070000 0.2789970000
0.0052989221 -0.0678644652 0.0091563499 -0.0707570000 0.9579230000 0.2781660000
0.0130929221 -0.0670764652 0.0090963499 -0.1979510000 0.8910200000 0.4085330000
0.0212889221 -0.0667624652 0.0112763499 -0.0639510000 0.7183650000 0.6927210000
0.0296859221 -0.0671564652 0.0111523499 0.1056980000 0.6056190000 0.7887040000
0.0376379221 -0.0681594652 0.0103463499 0.2523910000 0.5494650000 0.7964840000
0.0445539221 -0.0698904652 0.0082273499 0.5251300000 0.5589480000 0.6417290000
0.0494719221 -0.0735794652 0.0064163499 0.6788320000 0.6278490000 0.3807780000
0.0157119221 -0.0619104652 0.0060713499 -0.5967610000 0.2183140000 0.7721500000
0.0211729221 -0.0617174652 0.0086363499 -0.2441230000 0.2153750000 0.9455250000
0.0291739221 -0.0617324652 0.0092323499 0.0250420000 0.1317980000 0.9909600000
0.0371489221 -0.0617454652 0.0083313499 0.2422220000 0.1249870000 0.9621370000
0.0429299221 -0.0619864652 0.0059993499 0.5366930000 0.1228810000 0.8347820000
0.0153329221 -0.0535494652 0.0062033499 -0.5542400000 -0.1514370000 0.8184650000
0.0211289221 -0.0538424652 0.0086623499 -0.2497690000 -0.0878350000 0.9643130000
0.0291759221 -0.0538084652 0.0094443499 0.0268640000 -0.0741220000 0.9968870000
0.0371849221 -0.0538094652 0.0082883499 0.2621760000 -0.0587740000 0.9632290000
0.0430789221 -0.0536294652 0.0060163499 0.5195040000 -0.0742400000 0.8512370000
0.0139819221 -0.0456424652 0.0069743499 -0.5139360000 -0.1683280000 0.8411510000
0.0212009221 -0.0457954652 0.0096003499 -0.1700700000 -0.1023810000 0.9800990000
0.0291629221 -0.0457644652 0.0100043499 0.0423330000 -0.0519950000 0.9977500000
0.0371679221 -0.0458094652 0.0087973499 0.2545330000 -0.0399340000 0.9662390000
0.0433079221 -0.0459904652 0.0063123499 0.5508420000 -0.0100870000 0.8345480000
0.0086709221 -0.0358204652 0.0050743499 -0.6655860000 -0.1115730000 0.7379340000
0.0131879221 -0.0377534652 0.0075993499 -0.4769210000 -0.0981520000 0.8734480000
0.0212169221 -0.0377794652 0.0101733499 -0.1261320000 -0.0473230000 0.9908840000
0.0292029221 -0.0378114652 0.0103223499 0.0632430000 -0.0286030000 0.9975880000
0.0371609221 -0.0377624652 0.0090063499 0.2668480000 -0.0298480000 0.9632760000
0.0434069221 -0.0377384652 0.0063773499 0.5498530000 -0.0342800000 0.8345580000
0.0084579221 -0.0290734652 0.0054743499 -0.6617220000 -0.0878010000 0.7445900000
0.0131779221 -0.0298014652 0.0083013499 -0.4239990000 -0.0643030000 0.9033770000
0.0211279221 -0.0298214652 0.0104463499 -0.0978780000 -0.0262870000 0.9948510000
0.0291359221 -0.0297904652 0.0104733499 0.0755520000 -0.0068330000 0.9971180000
0.0371609221 -0.0298244652 0.0091103499 0.2775710000 0.0278710000 0.9603010000
0.0431289221 -0.0301484652 0.0064113499 0.5804890000 0.0705810000 0.8112040000
0.0080599221 -0.0215434652 0.0057873499 -0.6484360000 -0.0520020000 0.7594910000
0.0131809221 -0.0218094652 0.0087473499 -0.3852860000 -0.0356020000 0.9221100000
0.0211969221 -0.0217954652 0.0105813499 -0.0711990000 -0.0043690000 0.9974530000
0.0290809221 -0.0218244652 0.0104473499 0.0966330000 0.0167600000 0.9951790000
0.0370699221 -0.0218044652 0.0087703499 0.3270590000 0.0422130000 0.9440610000
0.0426929221 -0.0224084652 0.0060613499 0.5935720000 0.0792860000 0.8008650000
0.0078549221 -0.0136204652 0.0059953499 -0.6257690000 -0.0386320000 0.7790510000
0.0132419221 -0.0138184652 0.0089343499 -0.3534470000 0.0048800000 0.9354420000
0.0212549221 -0.0138164652 0.0104993499 -0.0553260000 0.0267840000 0.9981090000
0.0291039221 -0.0138664652 0.0101963499 0.1298050000 0.0493640000 0.9903100000
0.0370719221 -0.0138844652 0.0080223499 0.4127920000 0.1258650000 0.9020870000
0.0420839221 -0.0161084652 0.0056093499 0.6345120000 0.1824590000 0.7510680000
-0.0009080779 -0.0026714652 0.0051103499 -0.2503180000 -0.3954290000 0.8837290000
0.0060289221 -0.0050744652 0.0063553499 -0.4040840000 -0.2263730000 0.8862680000
0.0131379221 -0.0058034652 0.0088883499 -0.2781090000 -0.0099360000 0.9604980000
0.0211649221 -0.0059544652 0.0102203499 -0.0357060000 0.0547820000 0.9978600000
0.0291539221 -0.0057964652 0.0096463499 0.1628740000 0.0772980000 0.9836140000
0.0365539221 -0.0060134652 0.0072433499 0.4756180000 0.1274830000 0.8703650000
0.0412959221 -0.0082074652 0.0051253499 0.6658060000 0.1799870000 0.7240910000
-0.0071920779 0.0004475348 0.0047543499 -0.3946080000 -0.1331880000 0.9091450000
-0.0023600779 0.0020885348 0.0055823499 -0.2393420000 -0.0604430000 0.9690520000
0.0052639221 0.0021725348 0.0070973499 -0.2255770000 -0.0375070000 0.9735030000
0.0132359221 0.0021345348 0.0088013499 -0.1748910000 0.0260980000 0.9842420000
0.0212179221 0.0021595348 0.0096683499 -0.0167160000 0.0656320000 0.9977040000
0.0290779221 0.0021135348 0.0088983499 0.2283290000 0.1187650000 0.9663130000
0.0352579221 0.0018535348 0.0064793499 0.5171250000 0.1812570000 0.8364970000
-0.0019680779 0.0101615348 0.0052953499 -0.2366210000 0.0364490000 0.9709180000
0.0051049221 0.0102175348 0.0068383499 -0.2196160000 0.0359110000 0.9749250000
0.0132279221 0.0101735348 0.0084373499 -0.1468770000 0.0547340000 0.9876390000
0.0211659221 0.0102105348 0.0090643499 0.0136780000 0.0852910000 0.9962620000
0.0290699221 0.0101235348 0.0078903499 0.2861590000 0.1120100000 0.9516130000
0.0343099221 0.0096745348 0.0057483499 0.5345540000 0.1283340000 0.8353340000
-0.0072170779 0.0205935348 0.0047093499 -0.2156660000 -0.1304510000 0.9677140000
-0.0021150779 0.0182705348 0.0052283499 -0.1960410000 -0.0202640000 0.9803860000
0.0052159221 0.0181685348 0.0067033499 -0.1913020000 0.0243000000 0.9812300000
0.0131999221 0.0182505348 0.0079543499 -0.1095920000 0.0774070000 0.9909580000
0.0211839221 0.0182045348 0.0082683499 0.0550550000 0.1158480000 0.9917400000
0.0291599221 0.0182035348 0.0068883499 0.2657840000 0.0831270000 0.9604420000
0.0341759221 0.0185535348 0.0052603499 0.3979880000 -0.0346910000 0.9167350000
-0.0228750779 0.0262265348 0.0046823499 -0.1361630000 -0.1685740000 0.9762390000
-0.0190180779 0.0258635348 0.0047343499 -0.0516260000 -0.2022120000 0.9779800000
-0.0079450779 0.0280165348 0.0049273499 -0.1659070000 -0.1348770000 0.9768740000
-0.0026860779 0.0269835348 0.0072243499 -0.1896380000 -0.4584340000 0.8682600000
0.0049049221 0.0266355348 0.0075043499 0.0172060000 -0.2908790000 0.9566050000
0.0132739221 0.0262265348 0.0071533499 -0.0380010000 0.0880630000 0.9953900000
0.0212119221 0.0261675348 0.0072183499 0.0406960000 0.1277070000 0.9909770000
0.0291919221 0.0261325348 0.0064763499 0.1251320000 0.0281600000 0.9917400000
0.0367719221 0.0267025348 0.0055813499 0.1377670000 -0.1549980000 0.9782620000
0.0451069221 0.0283645348 0.0052963499 0.0611830000 -0.2636120000 0.9626870000
0.0530499221 0.0289405348 0.0051433499 0.0716160000 -0.2688570000 0.9605140000
0.0582599221 0.0292495348 0.0049023499 0.2156190000 -0.1759840000 0.9604880000
-0.0479990779 0.0371865348 0.0060593499 -0.3189190000 -0.7823530000 0.5349910000
-0.0425460779 0.0370375348 0.0066023499 -0.0706900000 -0.8110230000 0.5807280000
-0.0347080779 0.0367475348 0.0068093499 -0.0624760000 -0.8084710000 0.5852110000
-0.0266260779 0.0365405348 0.0073293499 -0.0664400000 -0.7946610000 0.6034070000
-0.0192890779 0.0367645348 0.0075723499 0.0949560000 -0.8128280000 0.5747120000
-0.0104690779 0.0371715348 0.0079233499 -0.0535790000 -0.9335190000 0.3545010000
-0.0029850779 0.0347135348 0.0082363499 -0.1397150000 -0.7634800000 0.6305370000
0.0053509221 0.0350225348 0.0080613499 -0.0185870000 -0.6690990000 0.7429400000
0.0130649221 0.0346925348 0.0073253499 0.0687300000 -0.3171900000 0.9458680000
0.0211639221 0.0342065348 0.0064093499 0.0534950000 -0.0149240000 0.9984570000
0.0291539221 0.0342395348 0.0060823499 0.0382050000 -0.0135850000 0.9991780000
0.0371899221 0.0341895348 0.0058313499 0.0342650000 -0.0401470000 0.9986060000
0.0452629221 0.0342015348 0.0055643499 0.0315950000 -0.0626070000 0.9975380000
0.0531459221 0.0341635348 0.0052933499 0.0616840000 -0.0687360000 0.9957260000
0.0583229221 0.0339245348 0.0049343499 0.1904510000 -0.1127380000 0.9752020000
-0.0954270779 0.0455885348 0.0049953499 -0.4902250000 -0.6693030000 0.5583130000
-0.0895550779 0.0443305348 0.0067323499 -0.2798530000 -0.7293900000 0.6242370000
-0.0828100779 0.0438445348 0.0072433499 -0.0335110000 -0.7534490000 0.6566510000
-0.0747980779 0.0436355348 0.0076883499 -0.1164040000 -0.7407310000 0.6616400000
-0.0667520779 0.0428515348 0.0086223499 -0.0576820000 -0.7366450000 0.6738150000
-0.0588210779 0.0430215348 0.0084363499 0.0361470000 -0.7338070000 0.6783960000
-0.0506080779 0.0423335348 0.0089373499 -0.3151120000 -0.6758740000 0.6662570000
-0.0428280779 0.0408825348 0.0102673499 -0.0619530000 -0.6874160000 0.7236170000
-0.0349400779 0.0405295348 0.0104663499 -0.0894430000 -0.6858000000 0.7222730000
-0.0270860779 0.0398025348 0.0111163499 -0.0798150000 -0.7141320000 0.6954460000
-0.0187930779 0.0395165348 0.0111693499 -0.0289730000 -0.7424540000 0.6692710000
-0.0117690779 0.0392615348 0.0107153499 -0.1593440000 -0.8587580000 0.4869740000
-0.0029440779 0.0384055348 0.0103723499 -0.0009220000 -0.9837030000 0.1798000000
0.0045719221 0.0383685348 0.0106243499 -0.0375070000 -0.9728740000 0.2282750000
0.0152359221 0.0403755348 0.0100163499 0.4390120000 -0.6695870000 0.5991010000
0.0213779221 0.0421645348 0.0091013499 0.1039590000 -0.5914590000 0.7996050000
0.0291739221 0.0422955348 0.0087673499 0.0350940000 -0.5880050000 0.8080950000
0.0372089221 0.0422785348 0.0084963499 0.0302950000 -0.5411820000 0.8403600000
0.0452379221 0.0423015348 0.0082483499 0.0323160000 -0.5257410000 0.8500310000
0.0532129221 0.0423315348 0.0080053499 0.0344120000 -0.5143920000 0.8568650000
0.0610729221 0.0424335348 0.0077163499 0.0743140000 -0.5728460000 0.8162870000
0.0687889221 0.0434815348 0.0071893499 0.3149370000 -0.6020700000 0.7337080000
0.0738649221 0.0450455348 0.0055803499 0.6614890000 -0.4657050000 0.5878360000
-0.0972280779 0.0510365348 0.0070023499 -0.5679890000 -0.4406100000 0.6951630000
-0.0911220779 0.0496925348 0.0101543499 -0.3961550000 -0.4543100000 0.7979120000
-0.0828150779 0.0488585348 0.0114803499 -0.0287850000 -0.4507860000 0.8921680000
-0.0751820779 0.0485145348 0.0116353499 -0.0869810000 -0.4646670000 0.8812030000
-0.0672420779 0.0472415348 0.0120403499 -0.1000160000 -0.5433910000 0.8335000000
-0.0586910779 0.0472745348 0.0120063499 0.0467600000 -0.5416710000 0.8392890000
-0.0523510779 0.0474045348 0.0119273499 -0.1874360000 -0.5095480000 0.8397790000
-0.0151470779 0.0475865348 0.0123813499 0.3471100000 -0.0307490000 0.9373200000
-0.0124840779 0.0473395348 0.0124233499 0.0003560000 0.0131390000 0.9999140000
0.0227169221 0.0464455348 0.0124453499 0.0484910000 -0.7121810000 0.7003190000
0.0304899221 0.0465415348 0.0121713499 0.0990990000 -0.6934420000 0.7136650000
0.0376859221 0.0475305348 0.0119633499 0.0864080000 -0.4737650000 0.8764020000
0.0459989221 0.0493405348 0.0118213499 0.1423520000 -0.2816680000 0.9488930000
0.0533059221 0.0502205348 0.0113123499 0.0567980000 -0.2169160000 0.9745370000
0.0613239221 0.0500675348 0.0111443499 -0.0302690000 -0.2067560000 0.9779240000
0.0692659221 0.0499995348 0.0105833499 0.3197800000 -0.3018690000 0.8981180000
0.0747379221 0.0506545348 0.0071583499 0.7464940000 -0.2465890000 0.6180130000
-0.0983770779 0.0581575348 0.0081683499 -0.6463530000 -0.0425210000 0.7618520000
-0.0929170779 0.0580125348 0.0117453499 -0.4788260000 -0.0355740000 0.8771890000
0.0472089221 0.0582145348 0.0120143499 0.2243690000 0.0154340000 0.9743820000
0.0535359221 0.0581755348 0.0116833499 0.0623490000 -0.0141920000 0.9979540000
0.0613369221 0.0580535348 0.0116663499 -0.0212840000 -0.0099730000 0.9997240000
0.0696299221 0.0582605348 0.0114763499 0.2904790000 0.0403790000 0.9560290000
0.0751629221 0.0579215348 0.0077873499 0.7652370000 0.0354390000 0.6427720000
-0.0974640779 0.0652805348 0.0073333499 -0.5914770000 0.3585170000 0.7222330000
-0.0912520779 0.0667285348 0.0104583499 -0.3957750000 0.3985240000 0.8273700000
-0.0829120779 0.0680175348 0.0114913499 -0.0318440000 0.4252040000 0.9045370000
-0.0755020779 0.0681825348 0.0116313499 -0.0841510000 0.4517640000 0.8881600000
-0.0679200779 0.0692675348 0.0120123499 -0.1279140000 0.5229990000 0.8426800000
-0.0582470779 0.0693615348 0.0120643499 0.0513960000 0.5220180000 0.8513840000
-0.0519540779 0.0691945348 0.0120253499 -0.1986860000 0.4978450000 0.8442000000
-0.0155670779 0.0694335348 0.0122933499 0.4271580000 0.1098480000 0.8974800000
-0.0119510779 0.0693015348 0.0122603499 -0.0097950000 0.0446680000 0.9989540000
0.0215529221 0.0696445348 0.0119513499 0.1530690000 0.6376460000 0.7549680000
0.0297179221 0.0695615348 0.0114423499 0.0840490000 0.6764620000 0.7316660000
0.0380129221 0.0681945348 0.0116453499 0.0907120000 0.4901510000 0.8669050000
0.0458919221 0.0667115348 0.0114923499 0.1515000000 0.3391740000 0.9284440000
0.0531959221 0.0661965348 0.0108523499 0.0586960000 0.2517700000 0.9660060000
0.0611719221 0.0661855348 0.0107073499 -0.0174140000 0.2603380000 0.9653600000
0.0690989221 0.0659415348 0.0101153499 0.2802090000 0.3560200000 0.8914780000
0.0745749221 0.0650805348 0.0066933499 0.7219660000 0.3102570000 0.6184710000
-0.0953960779 0.0704725348 0.0052173499 -0.5014920000 0.6460550000 0.5754300000
-0.0901010779 0.0721585348 0.0070603499 -0.3508380000 0.6735530000 0.6505680000
-0.0828450779 0.0727925348 0.0077793499 -0.0448660000 0.7020450000 0.7107180000
-0.0747340779 0.0727915348 0.0081843499 -0.0997070000 0.6945040000 0.7125460000
-0.0669150779 0.0733905348 0.0092493499 -0.0952470000 0.6876110000 0.7198050000
-0.0589110779 0.0731945348 0.0090313499 0.0466230000 0.6800460000 0.7316850000
-0.0505190779 0.0739495348 0.0090663499 -0.3007380000 0.6662920000 0.6823580000
-0.0428800779 0.0755405348 0.0102403499 -0.1092300000 0.7203430000 0.6849630000
-0.0349520779 0.0757575348 0.0104333499 -0.0707820000 0.7272490000 0.6827150000
-0.0269450779 0.0765695348 0.0111843499 -0.0880460000 0.7107710000 0.6978910000
-0.0184290779 0.0762035348 0.0111743499 0.0464520000 0.6443240000 0.7633410000
-0.0120850779 0.0741225348 0.0110433499 -0.1613930000 0.1999420000 0.9664240000
-0.0027420779 0.0777865348 0.0077563499 -0.0091440000 0.9815900000 0.1907820000
0.0047889221 0.0777785348 0.0074943499 -0.0050570000 0.9800510000 0.1986820000
0.0150949221 0.0750315348 0.0096673499 0.6317330000 0.5322970000 0.5635360000
0.0212629221 0.0736965348 0.0083003499 0.2270440000 0.7052750000 0.6715940000
0.0291579221 0.0733015348 0.0082533499 0.0516730000 0.7324120000 0.6788980000
0.0371379221 0.0729905348 0.0081803499 0.0445360000 0.6788730000 0.7329040000
0.0452389221 0.0728345348 0.0079613499 0.0461910000 0.6411420000 0.7660310000
0.0531999221 0.0728685348 0.0077253499 0.0321060000 0.6035300000 0.7966940000
0.0611269221 0.0726125348 0.0074373499 0.0659970000 0.6189630000 0.7826420000
0.0682579221 0.0719525348 0.0067463499 0.2571780000 0.6347690000 0.7286480000
-0.0478410779 0.0790835348 0.0062443499 -0.4030870000 0.7103730000 0.5769680000
-0.0428230779 0.0794005348 0.0065683499 -0.1149380000 0.7698430000 0.6277980000
-0.0346890779 0.0794905348 0.0067233499 -0.0656020000 0.7733930000 0.6305230000
-0.0268130779 0.0797045348 0.0073393499 -0.0741800000 0.8173850000 0.5712960000
-0.0195100779 0.0796565348 0.0075173499 0.0537440000 0.8272350000 0.5592790000
-0.0113010779 0.0790285348 0.0090253499 -0.1443510000 0.9390230000 0.3120860000
-0.0028260779 0.0790405348 0.0087393499 0.0118620000 0.9977780000 0.0655700000
0.0048169221 0.0790085348 0.0084423499 -0.0080630000 0.9914990000 0.1298680000
0.0121319221 0.0789185348 0.0085233499 0.0615330000 0.9859090000 0.1555530000
-0.0468740779 -0.0980984652 0.0144943499 -0.7775380000 -0.5725440000 0.2600530000
-0.0427330779 -0.1002954652 0.0168633499 -0.4573630000 -0.8278040000 0.3248990000
-0.0348040779 -0.1013074652 0.0172593499 -0.0013660000 -0.9763570000 0.2161590000
-0.0268220779 -0.1011374652 0.0170823499 0.0292410000 -0.9833870000 0.1791530000
-0.0187720779 -0.1008784652 0.0173173499 0.0287010000 -0.9864330000 0.1616380000
-0.0107880779 -0.1006504652 0.0175033499 0.0231380000 -0.9872340000 0.1575890000
-0.0029120779 -0.1004964652 0.0176373499 0.0231340000 -0.9859420000 0.1654770000
0.0051389221 -0.1003004652 0.0176423499 0.0279630000 -0.9872410000 0.1567600000
0.0132149221 -0.1000804652 0.0174443499 0.0272070000 -0.9866490000 0.1605720000
0.0212569221 -0.0999474652 0.0173733499 0.0180630000 -0.9844770000 0.1745810000
0.0291869221 -0.0997854652 0.0173803499 0.0304100000 -0.9768670000 0.2116740000
0.0373179221 -0.0995244652 0.0170993499 0.0608220000 -0.9730120000 0.2225940000
0.0441649221 -0.0988744652 0.0167943499 0.3493340000 -0.8870890000 0.3017270000
-0.0471140779 -0.0965034652 0.0134873499 -0.8885830000 -0.3485480000 0.2982180000
-0.0447810779 -0.0937774652 0.0171383499 -0.8854640000 0.1360230000 0.4443550000
0.0471729221 -0.0942314652 0.0188163499 0.6097950000 -0.2157350000 0.7626320000
0.0508389221 -0.0928424652 0.0156303499 0.7849140000 -0.2960550000 0.5442990000
-0.0419370779 -0.0859644652 0.0174023499 -0.6748130000 0.3667410000 0.6404130000
-0.0349500779 -0.0842624652 0.0197043499 -0.0926480000 0.3871560000 0.9173480000
-0.0271370779 -0.0838304652 0.0199943499 -0.0500310000 0.3685560000 0.9282580000
-0.0197770779 -0.0829794652 0.0202163499 -0.1011310000 0.4036590000 0.9093030000
-0.0106530779 -0.0822634652 0.0203873499 -0.0137460000 0.4338450000 0.9008830000
-0.0027330779 -0.0822364652 0.0204353499 -0.0127920000 0.4356050000 0.9000470000
0.0043419221 -0.0821784652 0.0204623499 -0.0101250000 0.4361320000 0.8998260000
0.0127209221 -0.0821414652 0.0204373499 -0.0066310000 0.4511830000 0.8924070000
0.0212459221 -0.0821704652 0.0204993499 0.0290760000 0.4385460000 0.8982380000
0.0297669221 -0.0828844652 0.0203193499 0.0417680000 0.3328830000 0.9420430000
0.0376139221 -0.0838414652 0.0201363499 0.1156550000 0.2887900000 0.9503810000
0.0454779221 -0.0856364652 0.0187633499 0.3593260000 0.2618480000 0.8957240000
0.0523059221 -0.0866664652 0.0166623499 0.5735820000 -0.1516730000 0.8049840000
-0.0403460779 -0.0789984652 0.0150633499 -0.6033410000 0.4887060000 0.6301950000
-0.0347940779 -0.0779884652 0.0164693499 -0.1286160000 0.5514940000 0.8242040000
-0.0268430779 -0.0779574652 0.0169513499 -0.0417960000 0.5471100000 0.8360160000
-0.0188180779 -0.0779574652 0.0173423499 -0.0944660000 0.5385020000 0.8373120000
-0.0108040779 -0.0776364652 0.0179633499 -0.0576490000 0.3667220000 0.9285430000
-0.0028170779 -0.0776714652 0.0181053499 -0.0022250000 0.3530110000 0.9356160000
0.0051609221 -0.0776854652 0.0181303499 -0.0005710000 0.3750140000 0.9270190000
0.0131639221 -0.0776174652 0.0180913499 0.0052640000 0.3925810000 0.9197020000
0.0212419221 -0.0776734652 0.0181113499 -0.0035960000 0.4047360000 0.9144260000
0.0291739221 -0.0777644652 0.0183513499 -0.0323910000 0.3594020000 0.9326210000
0.0371259221 -0.0778294652 0.0181863499 0.1086430000 0.3784070000 0.9192410000
0.0450049221 -0.0781994652 0.0163883499 0.3659410000 0.4038170000 0.8384620000
0.0500739221 -0.0795754652 0.0138083499 0.6721900000 0.3350110000 0.6602480000
-0.0340300779 -0.0734544652 0.0131603499 -0.1204660000 0.7423300000 0.6591160000
-0.0265850779 -0.0731494652 0.0133523499 -0.0352420000 0.7296270000 0.6829360000
-0.0172320779 -0.0722924652 0.0141643499 -0.3439320000 0.5457680000 0.7641000000
-0.0106560779 -0.0718074652 0.0158733499 -0.1347870000 0.4731910000 0.8705880000
-0.0026650779 -0.0714684652 0.0160393499 -0.0149010000 0.4359870000 0.8998300000
0.0052339221 -0.0712554652 0.0159983499 0.0015020000 0.3921900000 0.9198830000
0.0131499221 -0.0708674652 0.0156813499 0.0079130000 0.4127860000 0.9107940000
0.0211249221 -0.0707864652 0.0155173499 0.0012820000 0.4260410000 0.9047030000
0.0289239221 -0.0711314652 0.0155413499 0.0512190000 0.5334920000 0.8442530000
0.0365299221 -0.0720284652 0.0150223499 0.1755160000 0.6336690000 0.7534300000
0.0427909221 -0.0729964652 0.0140813499 0.3073790000 0.6838320000 0.6617340000
-0.0094510779 0.0378475348 0.0144783499 -0.1308880000 -0.8603500000 0.4926120000
-0.0028360779 0.0378425348 0.0143503499 -0.0006620000 -0.8868570000 0.4620440000
0.0053689221 0.0377825348 0.0143713499 0.0027710000 -0.8699910000 0.4930590000
0.0120579221 0.0377955348 0.0145373499 0.2226440000 -0.7797130000 0.5852160000
-0.0668250779 0.0451875348 0.0127643499 -0.0839100000 -0.5423640000 0.8359430000
-0.0479390779 0.0449725348 0.0138343499 -0.3519050000 -0.5910840000 0.7257980000
-0.0425840779 0.0447695348 0.0141203499 -0.0627380000 -0.6525650000 0.7551310000
-0.0346360779 0.0443995348 0.0143173499 -0.0742350000 -0.6355060000 0.7685190000
-0.0267220779 0.0436605348 0.0146053499 -0.0651850000 -0.5656840000 0.8220410000
-0.0189690779 0.0433305348 0.0146473499 0.0289340000 -0.5223320000 0.8522510000
-0.0105400779 0.0415185348 0.0156933499 -0.2898410000 -0.3171150000 0.9030120000
-0.0027870779 0.0414555348 0.0161243499 0.0173300000 -0.2523360000 0.9674840000
0.0051929221 0.0414375348 0.0159613499 0.0310340000 -0.2321350000 0.9721880000
0.0128909221 0.0416205348 0.0153923499 0.2483520000 -0.2545950000 0.9346140000
0.0203379221 0.0454925348 0.0133833499 0.1021170000 -0.6005190000 0.7930630000
0.0274519221 0.0457685348 0.0132073499 0.0506720000 -0.6480980000 0.7598700000
-0.0886520779 0.0529845348 0.0135023499 -0.2467460000 -0.3942100000 0.8852770000
-0.0826900779 0.0526945348 0.0137423499 -0.0305940000 -0.4318470000 0.9014280000
-0.0742850779 0.0521795348 0.0137393499 -0.1012570000 -0.3787520000 0.9199420000
-0.0667230779 0.0507145348 0.0142443499 -0.0624040000 -0.3661120000 0.9284760000
-0.0589040779 0.0510825348 0.0140633499 0.0527330000 -0.3511930000 0.9348170000
-0.0502300779 0.0507865348 0.0149683499 -0.3407650000 -0.3134220000 0.8863670000
-0.0427790779 0.0501145348 0.0171353499 -0.0711400000 -0.3183100000 0.9453140000
-0.0347490779 0.0501615348 0.0174703499 -0.0369400000 -0.3022580000 0.9525100000
-0.0268010779 0.0502385348 0.0177913499 -0.0414590000 -0.3115000000 0.9493410000
-0.0188180779 0.0501325348 0.0172453499 0.2835890000 -0.2804100000 0.9170320000
-0.0104680779 0.0504345348 0.0148633499 -0.1494350000 -0.2400610000 0.9591870000
-0.0027870779 0.0501305348 0.0158553499 0.0199000000 -0.2412870000 0.9702500000
0.0052349221 0.0501135348 0.0155973499 0.0279810000 -0.2325430000 0.9721830000
0.0132799221 0.0501105348 0.0153433499 0.0439020000 -0.2596580000 0.9647020000
0.0211849221 0.0500555348 0.0150003499 0.0366850000 -0.3464980000 0.9373330000
0.0291289221 0.0501985348 0.0148113499 0.0736860000 -0.3513180000 0.9333520000
0.0368589221 0.0511695348 0.0138093499 0.1786810000 -0.2798210000 0.9432780000
0.0434339221 0.0515655348 0.0134163499 0.1339150000 -0.2158890000 0.9671910000
0.0672389221 0.0531835348 0.0128293499 0.0406640000 -0.1136470000 0.9926890000
-0.0890250779 0.0582335348 0.0136763499 -0.2732360000 -0.0365880000 0.9612510000
-0.0827950779 0.0582005348 0.0141953499 -0.0246960000 -0.0391440000 0.9989280000
-0.0747740779 0.0581545348 0.0144603499 -0.0938980000 -0.0275880000 0.9952000000
-0.0668330779 0.0580385348 0.0156653499 -0.0713880000 -0.0219680000 0.9972070000
-0.0588170779 0.0581445348 0.0153363499 0.0593010000 -0.0092770000 0.9981970000
-0.0506800779 0.0581335348 0.0158343499 -0.2677780000 -0.0038170000 0.9634730000
-0.0428020779 0.0582485348 0.0178923499 -0.0686790000 0.0266250000 0.9972830000
-0.0348660779 0.0582555348 0.0181663499 -0.0663420000 0.0212280000 0.9975710000
-0.0268710779 0.0581895348 0.0191043499 -0.0767610000 -0.0039950000 0.9970420000
-0.0188010779 0.0581265348 0.0185853499 0.2930280000 -0.0009180000 0.9561030000
-0.0105020779 0.0580495348 0.0160443499 -0.1520030000 0.0010400000 0.9883790000
-0.0027740779 0.0581315348 0.0170823499 0.0238910000 0.0089670000 0.9996740000
0.0051779221 0.0580555348 0.0168023499 0.0297890000 0.0081470000 0.9995230000
0.0132189221 0.0581085348 0.0165433499 0.0374860000 0.0138920000 0.9992010000
0.0212229221 0.0580695348 0.0162253499 0.0368290000 0.0146670000 0.9992140000
0.0291309221 0.0581365348 0.0159573499 0.0600970000 0.0201470000 0.9979890000
0.0371829221 0.0580805348 0.0145283499 0.1748170000 0.0212050000 0.9843730000
0.0443979221 0.0580525348 0.0137633499 0.1760270000 0.0114760000 0.9843190000
0.0522979221 0.0579185348 0.0128443499 0.0706470000 -0.0531790000 0.9960830000
0.0588589221 0.0579635348 0.0127423499 0.0400140000 0.0251580000 0.9988820000
0.0675259221 0.0578665348 0.0129053499 0.0457820000 0.0187870000 0.9987750000
-0.0886850779 0.0635335348 0.0136303499 -0.2833300000 0.2597580000 0.9231740000
-0.0827920779 0.0638125348 0.0139163499 -0.0270440000 0.2879220000 0.9572720000
-0.0743650779 0.0642705348 0.0139113499 -0.0924560000 0.2961410000 0.9506590000
-0.0667360779 0.0656175348 0.0144043499 -0.0714040000 0.3392440000 0.9379850000
-0.0588790779 0.0654225348 0.0141193499 0.0551460000 0.3317850000 0.9417420000
-0.0502610779 0.0656035348 0.0149253499 -0.3466010000 0.2787100000 0.8956500000
-0.0427710779 0.0659665348 0.0172023499 -0.0870940000 0.2376860000 0.9674300000
-0.0347790779 0.0659525348 0.0175423499 -0.0471380000 0.2356170000 0.9707020000
-0.0267790779 0.0660325348 0.0179303499 -0.0428990000 0.2941220000 0.9548050000
-0.0187450779 0.0659985348 0.0173303499 0.2887560000 0.2858520000 0.9137330000
-0.0101130779 0.0656995348 0.0149003499 -0.1874330000 0.2441230000 0.9514580000
-0.0027870779 0.0661015348 0.0156973499 0.0181640000 0.2347990000 0.9718740000
0.0052799221 0.0661295348 0.0153903499 0.0308440000 0.2294140000 0.9728400000
0.0132259221 0.0661315348 0.0150783499 0.0546120000 0.2447800000 0.9680400000
0.0211769221 0.0658435348 0.0148653499 0.0443040000 0.3243300000 0.9449060000
0.0290639221 0.0656755348 0.0146583499 0.0681610000 0.3483550000 0.9348810000
0.0365839221 0.0645015348 0.0137613499 0.1749400000 0.3034520000 0.9366500000
0.0433519221 0.0642695348 0.0133083499 0.1386640000 0.2479390000 0.9588000000
-0.0673210779 0.0704115348 0.0128883499 -0.1148640000 0.5184070000 0.8473850000
-0.0478970779 0.0712575348 0.0142033499 -0.4872120000 0.4966030000 0.7183380000
-0.0426180779 0.0715675348 0.0146213499 -0.1036270000 0.5924420000 0.7989210000
-0.0346670779 0.0717935348 0.0148353499 -0.0494850000 0.5821970000 0.8115410000
-0.0267220779 0.0725505348 0.0147953499 -0.0443930000 0.5558810000 0.8300760000
-0.0187630779 0.0726415348 0.0146523499 0.1214870000 0.4490080000 0.8852300000
-0.0101730779 0.0740985348 0.0151513499 -0.2029250000 -0.2626320000 0.9433170000
-0.0027630779 0.0739555348 0.0154263499 0.0124820000 -0.2562790000 0.9665220000
0.0052329221 0.0739465348 0.0152743499 0.0314840000 -0.2551490000 0.9663890000
0.0128709221 0.0740965348 0.0148313499 0.2154750000 -0.2056720000 0.9546040000
0.0209119221 0.0710445348 0.0130743499 0.1451980000 0.4798670000 0.8652430000
0.0296649221 0.0705335348 0.0127803499 0.0800300000 0.6000740000 0.7959310000
-0.0092110779 0.0787305348 0.0143823499 -0.3408590000 0.6516720000 0.6775980000
-0.0028150779 0.0786315348 0.0145433499 0.0242810000 0.7514290000 0.6593670000
0.0050419221 0.0786595348 0.0143133499 0.0275080000 0.7284320000 0.6845650000
0.0119299221 0.0786115348 0.0139873499 0.1139470000 0.8005650000 0.5883130000
-0.0407770779 -0.0991074652 0.0217993499 -0.3047330000 -0.4911200000 0.8160510000
-0.0347660779 -0.0993504652 0.0222773499 -0.0420050000 -0.5593590000 0.8278600000
-0.0267940779 -0.0993294652 0.0224083499 -0.0076070000 -0.5771770000 0.8165840000
-0.0187790779 -0.0992984652 0.0224273499 -0.0035240000 -0.6163890000 0.7874340000
-0.0108590779 -0.0991964652 0.0225013499 0.0081690000 -0.6349060000 0.7725460000
-0.0027810779 -0.0991024652 0.0224523499 0.0147760000 -0.6550640000 0.7554290000
0.0052049221 -0.0989964652 0.0223843499 0.0211860000 -0.6566270000 0.7539180000
0.0132419221 -0.0988844652 0.0222313499 0.0278700000 -0.6714140000 0.7405580000
0.0212369221 -0.0987804652 0.0220563499 0.0359410000 -0.6762610000 0.7357850000
0.0290509221 -0.0986264652 0.0218733499 0.0440490000 -0.6678210000 0.7430180000
0.0367799221 -0.0985384652 0.0215193499 0.1009090000 -0.6216300000 0.7767840000
0.0426319221 -0.0983064652 0.0210923499 0.2995320000 -0.4436640000 0.8446550000
-0.0410630779 -0.0942984652 0.0220623499 -0.3813370000 0.1147100000 0.9172920000
-0.0347950779 -0.0938724652 0.0228583499 -0.0606580000 0.1433910000 0.9878050000
-0.0268200779 -0.0938754652 0.0231343499 -0.0289480000 0.1272550000 0.9914480000
-0.0187550779 -0.0938824652 0.0235743499 -0.0645060000 0.0650250000 0.9957960000
-0.0107480779 -0.0939154652 0.0238173499 -0.0025320000 0.0342830000 0.9994090000
-0.0027860779 -0.0938934652 0.0238343499 0.0001930000 0.0191510000 0.9998170000
0.0052629221 -0.0938694652 0.0238213499 0.0042260000 -0.0015790000 0.9999900000
0.0132109221 -0.0939284652 0.0237723499 0.0096030000 -0.0299760000 0.9995040000
0.0212349221 -0.0938934652 0.0236623499 0.0391470000 -0.0583820000 0.9975260000
0.0292029221 -0.0938934652 0.0231373499 0.0592080000 -0.0218640000 0.9980060000
0.0371839221 -0.0939494652 0.0226043499 0.1223780000 -0.0207350000 0.9922670000
0.0433739221 -0.0939864652 0.0214583499 0.3197700000 -0.0230610000 0.9472140000
-0.0399180779 -0.0889694652 0.0210283499 -0.2768100000 0.3359010000 0.9003040000
-0.0347250779 -0.0881544652 0.0212793499 -0.0706620000 0.3308830000 0.9410220000
-0.0266950779 -0.0876834652 0.0213923499 -0.0401390000 0.3287510000 0.9435630000
-0.0187040779 -0.0866494652 0.0218043499 -0.0916780000 0.3217110000 0.9423890000
-0.0108370779 -0.0861824652 0.0219383499 -0.0115640000 0.3236750000 0.9460980000
-0.0027170779 -0.0861434652 0.0220313499 -0.0114160000 0.3208330000 0.9470670000
0.0053629221 -0.0860184652 0.0220583499 -0.0084520000 0.3175790000 0.9481940000
0.0132959221 -0.0859324652 0.0220813499 -0.0043240000 0.3122840000 0.9499790000
0.0212309221 -0.0859464652 0.0221113499 0.0238280000 0.3096230000 0.9505610000
0.0291029221 -0.0866264652 0.0216553499 0.0794230000 0.2960940000 0.9518510000
0.0368539221 -0.0875824652 0.0214463499 0.1017510000 0.2803320000 0.9544950000
0.0422869221 -0.0886844652 0.0210053499 0.2282850000 0.2438270000 0.9425680000
0.0528619221 -0.0866284652 0.0213843499 0.0192510000 -0.5305880000 0.8474110000
-0.0017770779 -0.0817124652 0.0206903499 -0.0214400000 0.4446500000 0.8954480000
0.0086559221 -0.0817464652 0.0207973499 -0.0158780000 0.4083360000 0.9126940000
0.0131879221 -0.0816594652 0.0207893499 -0.0091430000 0.4123060000 0.9110000000
0.0205609221 -0.0815494652 0.0207863499 0.0139100000 0.4105580000 0.9117280000
0.0257579221 -0.0815614652 0.0208103499 0.0776260000 0.4178770000 0.9051810000
