x y z nx ny nz
0.0355061783 -0.0534143023 -0.0080116202 -0.4106060000 -0.8848200000 -0.2202190000
0.0407321783 -0.0543633023 -0.0084786202 -0.0343920000 -0.9820830000 -0.1852860000
0.0500071783 -0.0526373023 -0.0078396202 0.5611480000 -0.7803010000 -0.2761210000
0.0279431783 -0.0466823023 -0.0081486202 -0.6946330000 -0.6910200000 -0.1999400000
0.0314331783 -0.0499083023 -0.0084226202 -0.6690360000 -0.7370270000 -0.0958270000
0.0529961783 -0.0496303023 -0.0082286202 0.7375530000 -0.6097520000 -0.2902030000
0.0552851783 -0.0454493023 -0.0085936202 0.9035440000 -0.3957530000 -0.1642790000
0.0200701783 -0.0390223023 -0.0084116202 -0.6695510000 -0.7100370000 -0.2180550000
0.0231161783 -0.0420943023 -0.0085726202 -0.6842850000 -0.7143230000 -0.1466200000
0.0566241783 -0.0390233023 -0.0084566202 0.9642570000 0.0241890000 -0.2638640000
0.0116401783 -0.0310113023 -0.0086996202 -0.6684630000 -0.7201280000 -0.1859400000
0.0164361783 -0.0352353023 -0.0089186202 -0.6701400000 -0.7132660000 -0.2053380000
0.0535251783 -0.0310003023 -0.0090056202 0.7553050000 0.5794810000 -0.3061310000
0.0556451783 -0.0343093023 -0.0086716202 0.8717340000 0.3961450000 -0.2883570000
0.0028421783 -0.0228783023 -0.0087416202 -0.7582890000 -0.6302790000 -0.1665710000
0.0071351783 -0.0270823023 -0.0083146202 -0.6620400000 -0.7302700000 -0.1685460000
0.0458231783 -0.0242263023 -0.0093566202 0.6713270000 0.7019440000 -0.2378980000
0.0486961783 -0.0260853023 -0.0081466202 0.6552690000 0.7139740000 -0.2467070000
-0.0026878217 -0.0143773023 -0.0083086202 -0.8312470000 -0.5381080000 -0.1395260000
-0.0006338217 -0.0173773023 -0.0089836202 -0.8411220000 -0.5157590000 -0.1628090000
0.0345651783 -0.0122523023 -0.0080886202 0.6820040000 0.7011040000 -0.2081430000
0.0402281783 -0.0182263023 -0.0086996202 0.6808500000 0.7016450000 -0.2100900000
-0.0100498217 -0.0043523023 -0.0084576202 -0.8167910000 -0.5745070000 -0.0528560000
-0.0071338217 -0.0080053023 -0.0085776202 -0.8036180000 -0.5844610000 -0.1122640000
0.0273741783 -0.0051093023 -0.0082906202 0.6966610000 0.7038010000 -0.1390270000
0.0317931783 -0.0102143023 -0.0091626202 0.6864260000 0.7040760000 -0.1819210000
-0.0178138217 0.0036076977 -0.0087716202 -0.6684170000 -0.7394400000 0.0802990000
-0.0141988217 0.0005316977 -0.0086156202 -0.7597090000 -0.6484840000 0.0480740000
0.0133561783 0.0035336977 -0.0095356202 0.5214700000 0.8370170000 -0.1657490000
0.0176691783 0.0015886977 -0.0085936202 0.4945330000 0.8534500000 -0.1644980000
0.0246541783 -0.0027743023 -0.0089816202 0.6121290000 0.7637180000 -0.2050210000
-0.0286438217 0.0112846977 -0.0085956202 -0.4776680000 -0.8779460000 -0.0323170000
-0.0209018217 0.0066926977 -0.0085006202 -0.5781810000 -0.8141500000 0.0535410000
-0.0175248217 0.0046586977 -0.0090046202 -0.6473150000 -0.7601560000 0.0560900000
0.0034601783 0.0110806977 -0.0087596202 0.5462110000 0.8339580000 -0.0785350000
0.0099331783 0.0063056977 -0.0085346202 0.5603440000 0.8170800000 -0.1356280000
-0.0325068217 0.0165996977 -0.0088126202 -0.9713740000 -0.1899260000 -0.1426880000
-0.0044528217 0.0176206977 -0.0087756202 0.7368560000 0.6726750000 0.0674730000
0.0000831783 0.0135446977 -0.0079436202 0.6218050000 0.7815350000 0.0506130000
-0.0311378217 0.0238266977 -0.0086516202 -0.9215460000 0.3707990000 -0.1151590000
-0.0104038217 0.0260756977 -0.0080946202 0.8824170000 0.4702610000 0.0139490000
-0.0082958217 0.0225076977 -0.0081556202 0.8477550000 0.5303820000 0.0026320000
-0.0327888217 0.0336996977 -0.0078846202 0.6746640000 0.6427200000 0.3629590000
-0.0219178217 0.0324466977 -0.0086246202 -0.3501510000 0.9345110000 0.0639120000
-0.0128228217 0.0305416977 -0.0082896202 0.7301920000 0.6830990000 0.0139310000
-0.0408648217 0.0420336977 -0.0078356202 0.5377150000 0.5647500000 0.6260350000
-0.0502688217 0.0485636977 -0.0082526202 -0.0874030000 -0.0614080000 0.9942790000
-0.0489508217 0.0504426977 -0.0077566202 0.5664700000 0.6289910000 0.5324310000
-0.0609838217 0.0584906977 -0.0081866202 -0.2986140000 -0.2395190000 0.9238290000
-0.0691448217 0.0650616977 -0.0080456202 -0.4981790000 -0.4721460000 0.7272520000
-0.0835118217 0.0761826977 -0.0078046202 -0.3863200000 -0.3186010000 0.8655920000
-0.0772988217 0.0727846977 -0.0081086202 -0.5050990000 -0.4657380000 0.7266110000
-0.0715768217 0.0708086977 -0.0083686202 0.3059590000 0.3689690000 0.8776400000
-0.0905308217 0.0834336977 -0.0081636202 -0.3586730000 -0.2645400000 0.8951940000
-0.0859248217 0.0804566977 -0.0082136202 -0.4130900000 -0.3801300000 0.8275610000
-0.0775738217 0.0783846977 -0.0083896202 0.4478410000 0.5101110000 0.7343190000
-0.0982918217 0.0910236977 -0.0083746202 -0.2336200000 -0.0653920000 0.9701270000
-0.0951628217 0.0882796977 -0.0082696202 -0.3145410000 -0.1918410000 0.9296560000
-0.0853528217 0.0871176977 -0.0083066202 0.1302150000 0.2162330000 0.9676190000
-0.0998198217 0.0960246977 -0.0085116202 -0.2189180000 -0.0382310000 0.9749940000
-0.0963548217 0.0954826977 -0.0079346202 -0.2066480000 -0.0275270000 0.9780280000
-0.0988018217 0.1005106977 -0.0083946202 -0.2246810000 -0.0267860000 0.9740640000
0.0300751783 -0.0521833023 -0.0007976202 -0.6269740000 -0.7676390000 0.1327960000
0.0346581783 -0.0541383023 -0.0026336202 -0.4264400000 -0.9044550000 -0.0104610000
0.0424801783 -0.0558633023 -0.0023056202 0.0947970000 -0.9954540000 0.0092640000
0.0493131783 -0.0538393023 -0.0026386202 0.4814910000 -0.8764320000 -0.0057800000
0.0220371783 -0.0440363023 -0.0012756202 -0.6956900000 -0.7086670000 0.1175010000
0.0269091783 -0.0474213023 -0.0027316202 -0.7087210000 -0.7054780000 0.0039340000
0.0308441783 -0.0511663023 -0.0034206202 -0.6818320000 -0.7315040000 -0.0026550000
0.0532811783 -0.0509033023 -0.0032466202 0.7001950000 -0.7116700000 -0.0570320000
0.0561201783 -0.0470723023 -0.0027156202 0.8927250000 -0.4494870000 -0.0316780000
0.0140861783 -0.0360753023 -0.0019806202 -0.6918000000 -0.7072530000 0.1456220000
0.0186321783 -0.0393273023 -0.0026926202 -0.6946480000 -0.7188200000 0.0276080000
0.0230561783 -0.0431953023 -0.0039876202 -0.6913550000 -0.7207880000 -0.0499260000
0.0372371783 -0.0366973023 -0.0007896202 -0.3413650000 -0.9278070000 0.1504820000
0.0407061783 -0.0392573023 -0.0001536202 -0.7340990000 0.6790360000 -0.0028170000
0.0578501783 -0.0402283023 -0.0030386202 0.9970690000 -0.0530480000 -0.0551230000
0.0058491783 -0.0281783023 -0.0022406202 -0.6697410000 -0.7281400000 0.1458080000
0.0105091783 -0.0314963023 -0.0030426202 -0.6906120000 -0.7224720000 0.0330220000
0.0149291783 -0.0352143023 -0.0040656202 -0.6954490000 -0.7185520000 0.0058030000
0.0370191783 -0.0354683023 -0.0000046202 -0.3348950000 -0.9301500000 0.1505560000
0.0394421783 -0.0351193023 -0.0000276202 -0.2318040000 -0.9470610000 0.2221310000
0.0536521783 -0.0289893023 -0.0041996202 0.7455150000 0.6575860000 -0.1085670000
0.0564081783 -0.0326553023 -0.0025236202 0.9011530000 0.4329850000 -0.0211620000
0.0026861783 -0.0239793023 -0.0030126202 -0.7550530000 -0.6544020000 0.0406550000
0.0070401783 -0.0274323023 -0.0036836202 -0.6780080000 -0.7340670000 0.0380730000
0.0451251783 -0.0211323023 -0.0030476202 0.6833990000 0.7285110000 0.0473100000
0.0496581783 -0.0251923023 -0.0025056202 0.6734010000 0.7382780000 0.0384360000
-0.0034718217 -0.0146743023 -0.0026866202 -0.8434820000 -0.5258240000 0.1097600000
-0.0008848217 -0.0185773023 -0.0032446202 -0.8624710000 -0.5051540000 0.0310450000
0.0370881783 -0.0135513023 -0.0030036202 0.6867080000 0.7255100000 0.0454670000
0.0413231783 -0.0173233023 -0.0024346202 0.6833350000 0.7266820000 0.0706150000
-0.0102618217 -0.0049653023 -0.0029646202 -0.8331430000 -0.5439980000 0.0996950000
-0.0074278217 -0.0088173023 -0.0029046202 -0.8083540000 -0.5765310000 0.1190640000
0.0288871783 -0.0054773023 -0.0027366202 0.7055850000 0.7045060000 0.0762990000
0.0329391783 -0.0093843023 -0.0027306202 0.6894380000 0.7178100000 0.0970780000
-0.0182018217 0.0037576977 -0.0044066202 -0.6601410000 -0.7452010000 0.0942860000
-0.0137768217 0.0002846977 -0.0037026202 -0.7772890000 -0.6243920000 0.0771770000
0.0189981783 0.0019986977 -0.0028416202 0.4912450000 0.8619330000 0.1254970000
0.0252411783 -0.0015993023 -0.0029566202 0.6144650000 0.7795700000 0.1212550000
-0.0286968217 0.0109426977 -0.0032036202 -0.4358850000 -0.8773190000 0.2007860000
-0.0217628217 0.0074036977 -0.0035936202 -0.5601300000 -0.8205170000 0.1140440000
-0.0171968217 0.0045016977 -0.0031036202 -0.6714900000 -0.7378500000 0.0684020000
0.0039551783 0.0112976977 -0.0036706202 0.5477420000 0.8219740000 0.1560040000
0.0104801783 0.0072246977 -0.0028666202 0.5292550000 0.8260960000 0.1935320000
0.0159211783 0.0044646977 -0.0029036202 0.4515370000 0.8161440000 0.3605860000
-0.0338348217 0.0189126977 -0.0038126202 -0.9908330000 -0.0739240000 0.1130710000
-0.0325018217 0.0152026977 -0.0027416202 -0.9145100000 -0.3672290000 0.1697470000
-0.0041108217 0.0176116977 -0.0034336202 0.7296080000 0.6799110000 0.0734370000
0.0005541783 0.0135926977 -0.0034916202 0.6102780000 0.7830030000 0.1202790000
-0.0337208217 0.0205196977 -0.0014356202 -0.9540040000 -0.0052810000 0.2997460000
-0.0313008217 0.0243446977 -0.0032526202 -0.9112390000 0.3347050000 0.2400330000
-0.0106898217 0.0265516977 -0.0024006202 0.8436690000 0.4608010000 0.2754720000
-0.0080598217 0.0230076977 -0.0034636202 0.8176000000 0.5561850000 0.1489590000
-0.0362028217 0.0336916977 -0.0037236202 -0.2994020000 -0.2562320000 0.9190770000
-0.0310278217 0.0312566977 -0.0031116202 -0.3266590000 0.0550020000 0.9435410000
-0.0218928217 0.0326666977 -0.0031916202 -0.3257610000 0.9294420000 0.1732540000
-0.0132208217 0.0313486977 -0.0029326202 0.6053090000 0.7534820000 0.2566430000
-0.0442538217 0.0414856977 -0.0041296202 -0.2916810000 -0.2614390000 0.9200930000
-0.0387848217 0.0389046977 -0.0035436202 -0.1068250000 -0.0590540000 0.9925230000
-0.0327738217 0.0364196977 -0.0047876202 0.0188520000 0.0611640000 0.9979500000
-0.0578168217 0.0512516977 -0.0058946202 -0.2361460000 -0.1675870000 0.9571570000
-0.0524118217 0.0494536977 -0.0043856202 -0.2672770000 -0.2371400000 0.9339850000
-0.0468328217 0.0467576977 -0.0038576202 -0.0982220000 -0.0590610000 0.9934100000
-0.0409048217 0.0443916977 -0.0047686202 -0.0695760000 -0.0374630000 0.9968730000
-0.0662348217 0.0596656977 -0.0066226202 -0.3053770000 -0.2711240000 0.9128180000
-0.0605288217 0.0571776977 -0.0048116202 -0.2994120000 -0.2686070000 0.9155340000
-0.0549608217 0.0547356977 -0.0042036202 -0.1022760000 -0.0564880000 0.9931510000
-0.0489258217 0.0527006977 -0.0045556202 -0.1581100000 -0.1089230000 0.9813950000
-0.0740888217 0.0675466977 -0.0068326202 -0.2922570000 -0.2518530000 0.9225810000
-0.0686328217 0.0651356977 -0.0051726202 -0.2806180000 -0.2443780000 0.9281880000
-0.0632028217 0.0627166977 -0.0045776202 -0.1114880000 -0.0597830000 0.9919660000
-0.0563828217 0.0602796977 -0.0056476202 -0.1669130000 -0.1565710000 0.9734610000
-0.0819778217 0.0759136977 -0.0068136202 -0.4023020000 -0.3611240000 0.8412740000
-0.0766838217 0.0730716977 -0.0054706202 -0.2620260000 -0.2079550000 0.9423890000
-0.0711188217 0.0704876977 -0.0049676202 -0.0823760000 -0.0407140000 0.9957690000
-0.0653888217 0.0686216977 -0.0066336202 -0.2020070000 -0.2109520000 0.9563960000
-0.0904858217 0.0836506977 -0.0069906202 -0.2632060000 -0.1270630000 0.9563350000
-0.0846848217 0.0810126977 -0.0059946202 -0.2597320000 -0.1559480000 0.9530050000
-0.0791508217 0.0783976977 -0.0053746202 -0.1210980000 -0.0465480000 0.9915490000
-0.0922518217 0.0887346977 -0.0070456202 -0.2217110000 -0.0659020000 0.9728830000
-0.0873278217 0.0870726977 -0.0062186202 -0.1613570000 -0.0105630000 0.9868400000
-0.0976278217 0.0967526977 -0.0076926202 -0.1801900000 -0.0193180000 0.9834420000
-0.0938088217 0.0944656977 -0.0072096202 -0.1952850000 -0.0196930000 0.9805490000
-0.0892578217 0.0926166977 -0.0070506202 -0.1702660000 -0.0016180000 0.9853970000
0.0301211783 -0.0522093023 0.0017303798 -0.6379580000 -0.7253340000 0.2586510000
0.0352291783 -0.0535583023 0.0043103798 -0.3762620000 -0.8532890000 0.3610040000
0.0424511783 -0.0546413023 0.0049003798 0.0763980000 -0.9213910000 0.3810530000
0.0488211783 -0.0531923023 0.0038963798 0.4652410000 -0.8232870000 0.3251900000
0.0276181783 -0.0468263023 0.0042573798 -0.6688360000 -0.6367090000 0.3837450000
0.0321581783 -0.0503263023 0.0063433798 -0.5760150000 -0.6662910000 0.4735630000
0.0522131783 -0.0497923023 0.0052303798 0.6525700000 -0.6498970000 0.3895970000
0.0557241783 -0.0463583023 0.0036283798 0.8470150000 -0.4175900000 0.3289140000
0.0195541783 -0.0387343023 0.0043273798 -0.6415760000 -0.6398740000 0.4230150000
0.0242431783 -0.0420553023 0.0060953798 -0.6117940000 -0.6100100000 0.5035830000
0.0358771783 -0.0377053023 0.0054633798 0.9891430000 -0.1411440000 0.0409210000
0.0430341783 -0.0390873023 0.0044213798 -0.8445350000 -0.1536800000 0.5129750000
0.0567841783 -0.0398643023 0.0050253798 0.9144250000 -0.0201920000 0.4042510000
0.0060191783 -0.0281543023 0.0007573798 -0.6471560000 -0.7060070000 0.2876520000
0.0115341783 -0.0308183023 0.0042163798 -0.6322550000 -0.6360960000 0.4423070000
0.0162351783 -0.0339773023 0.0060813798 -0.6031380000 -0.6002070000 0.5253330000
0.0368011783 -0.0343323023 0.0048093798 0.4228160000 -0.8999650000 0.1062560000
0.0406781783 -0.0343143023 0.0048983798 -0.4471340000 -0.8789190000 0.1660480000
0.0526441783 -0.0300313023 0.0060553798 0.6555760000 0.5714370000 0.4936400000
0.0558491783 -0.0332953023 0.0041873798 0.8397070000 0.3934740000 0.3742600000
0.0035451783 -0.0229973023 0.0042803798 -0.6842120000 -0.5715480000 0.4529750000
0.0083421783 -0.0260993023 0.0061003798 -0.5641880000 -0.6133220000 0.5527460000
0.0437691783 -0.0221963023 0.0058453798 0.5745230000 0.6410860000 0.5088540000
0.0486861783 -0.0257253023 0.0046103798 0.5856090000 0.6753790000 0.4482470000
-0.0027888217 -0.0138263023 0.0027713798 -0.7784610000 -0.4313230000 0.4560240000
0.0005851783 -0.0163283023 0.0056393798 -0.7420960000 -0.3549090000 0.5686230000
0.0291721783 -0.0118463023 0.0082623798 0.5070530000 0.5642370000 0.6515620000
0.0354211783 -0.0145113023 0.0057313798 0.5720170000 0.6300530000 0.5251950000
0.0404111783 -0.0180033023 0.0041403798 0.6045440000 0.6633930000 0.4409490000
-0.0102108217 -0.0046463023 0.0018393798 -0.6840250000 -0.5148600000 0.5167490000
-0.0050488217 -0.0073813023 0.0046753798 -0.6383090000 -0.3890330000 0.6642400000
-0.0006238217 -0.0094283023 0.0075743798 -0.5848240000 -0.2373380000 0.7756620000
0.0218371783 -0.0043133023 0.0081663798 0.4578800000 0.5759380000 0.6772310000
0.0272951783 -0.0068733023 0.0056303798 0.5872040000 0.6050010000 0.5377410000
0.0322881783 -0.0101713023 0.0038683798 0.6036620000 0.6522330000 0.4584590000
-0.0177378217 0.0037046977 0.0020823798 -0.6160810000 -0.5974430000 0.5133280000
-0.0124288217 0.0010826977 0.0039053798 -0.5600140000 -0.4559580000 0.6917270000
-0.0061018217 0.0001316977 0.0069073798 -0.3622300000 -0.1187720000 0.9244900000
0.0032301783 0.0033956977 0.0079143798 0.0930610000 0.3878880000 0.9169970000
0.0107911783 0.0024016977 0.0066293798 0.2532230000 0.6232620000 0.7398810000
0.0185351783 0.0000916977 0.0052463798 0.3580010000 0.7430650000 0.5654110000
0.0243321783 -0.0024083023 0.0038913798 0.5424130000 0.7067020000 0.4542700000
-0.0276158217 0.0115676977 0.0015763798 -0.3795010000 -0.7546570000 0.5352310000
-0.0208008217 0.0093196977 0.0035813798 -0.4489680000 -0.5285280000 0.7204750000
-0.0137218217 0.0080656977 0.0058683798 -0.1877280000 -0.1562820000 0.9697080000
-0.0056108217 0.0082486977 0.0064603798 -0.0116650000 0.1450570000 0.9893540000
0.0021321783 0.0078976977 0.0058353798 0.2275650000 0.4696130000 0.8530400000
0.0091861783 0.0061706977 0.0034293798 0.3909960000 0.6779180000 0.6225340000
0.0164561783 0.0041966977 0.0017793798 0.4100110000 0.7909150000 0.4542520000
-0.0336808217 0.0169366977 0.0007803798 -0.8123140000 -0.3212400000 0.4867760000
-0.0292118217 0.0161466977 0.0045033798 -0.5568930000 -0.4230120000 0.7147940000
-0.0214528217 0.0157606977 0.0066713798 -0.0428250000 -0.3811670000 0.9235140000
-0.0136528217 0.0162516977 0.0062203798 0.1506470000 -0.0000740000 0.9885880000
-0.0061738217 0.0157026977 0.0049093798 0.2629460000 0.3076610000 0.9144420000
0.0001511783 0.0134836977 0.0028203798 0.4376740000 0.5523060000 0.7095070000
-0.0287268217 0.0237566977 0.0046183798 -0.6875040000 0.3296170000 0.6470630000
-0.0214338217 0.0251766977 0.0074643798 -0.0459120000 0.3252870000 0.9445000000
-0.0141248217 0.0240796977 0.0053073798 0.5243070000 0.2341590000 0.8187010000
-0.0084638217 0.0219516977 0.0022863798 0.5475850000 0.4800110000 0.6853760000
-0.0269298217 0.0292966977 0.0021183798 -0.6150580000 0.6472220000 0.4503420000
-0.0214408217 0.0302236977 0.0042093798 -0.1998620000 0.7415750000 0.6404070000
-0.0149448217 0.0301406977 0.0035023798 0.4741310000 0.5865680000 0.6566110000
0.0372881783 -0.0522863023 0.0089973798 -0.2473710000 -0.7263070000 0.6413160000
0.0422151783 -0.0525373023 0.0091793798 0.0466930000 -0.7720440000 0.6338510000
0.0476211783 -0.0520883023 0.0090473798 0.3388300000 -0.6409350000 0.6887650000
0.0294131783 -0.0449333023 0.0093183798 -0.5403520000 -0.4948260000 0.6805640000
0.0348961783 -0.0474173023 0.0113233798 -0.3958680000 -0.4861640000 0.7790590000
0.0424301783 -0.0478973023 0.0127853798 0.0464400000 -0.4901540000 0.8703980000
0.0496491783 -0.0471903023 0.0109613798 0.4788480000 -0.4435130000 0.7576290000
0.0550921783 -0.0451103023 0.0090793798 0.7111500000 -0.2256740000 0.6658360000
0.0213011783 -0.0368743023 0.0090973798 -0.5246560000 -0.5093100000 0.6821580000
0.0270601783 -0.0392833023 0.0110963798 -0.4605260000 -0.4357860000 0.7733090000
0.0341191783 -0.0400903023 0.0138273798 -0.2153920000 -0.2426010000 0.9459130000
0.0437021783 -0.0405463023 0.0139413798 -0.1136920000 -0.1663250000 0.9794950000
0.0503831783 -0.0398763023 0.0124943798 0.5113540000 -0.0086200000 0.8593270000
0.0549411783 -0.0397343023 0.0090913798 0.7485010000 0.0132310000 0.6630020000
0.0133961783 -0.0288493023 0.0090253798 -0.5093200000 -0.4886660000 0.7083770000
0.0190391783 -0.0312093023 0.0108833798 -0.4539150000 -0.4288570000 0.7810530000
0.0263681783 -0.0319293023 0.0137633798 -0.2495450000 -0.2096560000 0.9453950000
0.0344301783 -0.0318693023 0.0142533798 0.0977550000 -0.0835340000 0.9916990000
0.0424731783 -0.0319013023 0.0132063798 0.0680750000 0.0282970000 0.9972790000
0.0496901783 -0.0326063023 0.0111423798 0.4786130000 0.3899000000 0.7867070000
0.0549231783 -0.0350023023 0.0086693798 0.6930880000 0.2818490000 0.6634690000
0.0054561783 -0.0211453023 0.0090663798 -0.5493840000 -0.4248120000 0.7195220000
0.0110131783 -0.0231873023 0.0107083798 -0.4239720000 -0.4289490000 0.7976530000
0.0183951783 -0.0239263023 0.0134223798 -0.2379050000 -0.1950260000 0.9515070000
0.0264931783 -0.0239353023 0.0142333798 0.0096000000 0.0654820000 0.9978080000
0.0344531783 -0.0239853023 0.0133073798 0.2297700000 0.2998950000 0.9258880000
0.0414991783 -0.0248083023 0.0107253798 0.4265370000 0.4866910000 0.7623640000
0.0471221783 -0.0269193023 0.0090303798 0.4536780000 0.5432990000 0.7064010000
0.0042421783 -0.0154103023 0.0099703798 -0.5677610000 -0.2013970000 0.7981770000
0.0103991783 -0.0159413023 0.0129043798 -0.2783760000 -0.0969830000 0.9555630000
0.0184991783 -0.0158693023 0.0137843798 0.0083420000 0.0755230000 0.9971090000
0.0264031783 -0.0159803023 0.0127773798 0.2439670000 0.3049370000 0.9205940000
0.0334751783 -0.0171723023 0.0103483798 0.4267220000 0.4882950000 0.7612340000
0.0393121783 -0.0190053023 0.0092023798 0.3378120000 0.4024450000 0.8508360000
-0.0021288217 -0.0046403023 0.0084583798 -0.3870040000 -0.1066470000 0.9158900000
0.0029091783 -0.0076883023 0.0100753798 -0.3997710000 -0.0126120000 0.9165280000
0.0104551783 -0.0078583023 0.0121783798 -0.1361270000 0.2280830000 0.9640790000
0.0183811783 -0.0079293023 0.0121253798 0.1716560000 0.3656900000 0.9147700000
0.0250401783 -0.0092883023 0.0101433798 0.4323370000 0.4658180000 0.7720740000
0.0308221783 -0.0115623023 0.0092163798 0.3680450000 0.4441100000 0.8168900000
-0.0021828217 -0.0002653023 0.0085213798 -0.2438380000 0.0450460000 0.9687690000
0.0022551783 -0.0003253023 0.0092043798 -0.1212810000 0.2067010000 0.9708580000
0.0099931783 -0.0014273023 0.0097913798 0.0518250000 0.4599820000 0.8864150000
0.0170851783 -0.0024033023 0.0094613798 0.2089540000 0.5960090000 0.7753130000
0.0232671783 -0.0037743023 0.0086993798 0.3860340000 0.5248550000 0.7586200000
0.0003271783 0.0045606977 0.0083453798 -0.0865570000 0.2652740000 0.9602800000
-0.0261738217 0.0189256977 0.0085853798 -0.2557730000 -0.2101970000 0.9436090000
-0.0236108217 0.0191846977 0.0087673798 -0.0121690000 -0.2709820000 0.9625080000
-0.0260178217 0.0209136977 0.0087223798 -0.3296140000 -0.0056270000 0.9440990000
-0.0216438217 0.0231066977 0.0089663798 0.0275510000 0.0742830000 0.9968570000
-0.0172978217 0.0239736977 0.0083763798 0.3056850000 0.1933860000 0.9322870000
