x y z nx ny nz
-0.0947284958 0.0530663139 -0.0179646861 -0.9885680000 0.1502300000 -0.0127940000
-0.0928894958 0.0522893139 -0.0180546861 0.7593400000 -0.6488620000 -0.0487990000
-0.0928304958 0.0567143139 -0.0180856861 -0.9845440000 -0.1546270000 -0.0822460000
0.0114415042 0.1327253139 -0.0186626861 0.9275470000 0.3571480000 -0.1100080000
0.0090745042 0.1379903139 -0.0182496861 0.9143850000 0.3833050000 -0.1302940000
0.0101015042 0.1369803139 -0.0179296861 0.9143440000 0.3829170000 -0.1317170000
0.0546185042 -0.1808476861 -0.0109176861 -0.6926990000 -0.6928510000 -0.2003120000
0.0620445042 -0.1817506861 -0.0124686861 0.3406800000 -0.9401770000 0.0020230000
0.0690205042 -0.1790656861 -0.0135396861 0.3620970000 -0.9321050000 -0.0081070000
0.0738475042 -0.1777696861 -0.0135456861 0.3594740000 -0.9331450000 -0.0044380000
0.0530945042 -0.1745836861 -0.0124256861 -0.9099000000 -0.3045430000 -0.2816670000
0.0726855042 -0.1773376861 -0.0129906861 0.3587660000 -0.9334070000 -0.0061650000
0.0770745042 -0.1759436861 -0.0134016861 0.3697490000 -0.9290970000 -0.0080660000
0.0833255042 -0.1729826861 -0.0119636861 0.7504990000 -0.6329860000 -0.1899470000
0.0490555042 -0.1659746861 -0.0105846861 -0.9313520000 -0.2979260000 -0.2093430000
0.0511585042 -0.1672416861 -0.0124036861 -0.9212420000 -0.3074310000 -0.2383280000
0.0808715042 -0.1625516861 -0.0126026861 0.8871490000 0.3699310000 -0.2758930000
0.0830775042 -0.1662486861 -0.0113226861 0.9084780000 0.3361420000 -0.2483480000
0.0463885042 -0.1566146861 -0.0106796861 -0.9250240000 -0.3093740000 -0.2204960000
0.0791845042 -0.1576826861 -0.0117556861 0.8945410000 0.3750710000 -0.2431410000
0.0818145042 -0.1615416861 -0.0100386861 0.9190520000 0.3738460000 -0.1248280000
0.0444155042 -0.1513756861 -0.0106656861 -0.9254270000 -0.3170060000 -0.2075850000
0.0759965042 -0.1495066861 -0.0111096861 0.9012070000 0.3742890000 -0.2184820000
0.0402515042 -0.1402046861 -0.0099206861 -0.9239710000 -0.3104050000 -0.2234420000
0.0427875042 -0.1442056861 -0.0113256861 -0.9217680000 -0.2980030000 -0.2480680000
0.0718625042 -0.1400026861 -0.0110596861 0.8900270000 0.3893280000 -0.2372260000
0.0736985042 -0.1440876861 -0.0110726861 0.8940140000 0.3843580000 -0.2302350000
0.0385875042 -0.1345266861 -0.0103226861 -0.9129730000 -0.3307830000 -0.2388800000
0.0691165042 -0.1335846861 -0.0108766861 0.8940100000 0.3850060000 -0.2291630000
0.0362185042 -0.1270426861 -0.0105596861 -0.9086280000 -0.3536020000 -0.2221740000
0.0628755042 -0.1242466861 -0.0131056861 0.8431260000 0.3461980000 -0.4114440000
0.0663315042 -0.1264786861 -0.0102416861 0.8733590000 0.3839200000 -0.2997510000
0.0615185042 -0.1180716861 -0.0120816861 0.8659650000 0.3287590000 -0.3768590000
0.0590425042 -0.1097606861 -0.0113186861 0.8945240000 0.3304430000 -0.3010550000
0.0242055042 -0.0991066861 -0.0102906861 -0.8809520000 -0.3864770000 -0.2730550000
0.0263445042 -0.1024856861 -0.0109896861 -0.8950990000 -0.3809720000 -0.2316400000
0.0562645042 -0.1004936861 -0.0102566861 0.9139050000 0.3416160000 -0.2192630000
0.0573455042 -0.1043016861 -0.0108096861 0.9121260000 0.3198550000 -0.2563570000
0.0219485042 -0.0926816861 -0.0106756861 -0.8960320000 -0.3677220000 -0.2488100000
0.0524875042 -0.0933506861 -0.0117306861 0.8976650000 0.3314050000 -0.2904620000
0.0196725042 -0.0851766861 -0.0117216861 -0.8907770000 -0.3710620000 -0.2623520000
0.0491145042 -0.0821466861 -0.0104926861 0.9268000000 0.3460770000 -0.1458520000
0.0503835042 -0.0861666861 -0.0112186861 0.9032350000 0.3238910000 -0.2815330000
0.0142245042 -0.0747066861 -0.0101316861 -0.9069160000 -0.3497290000 -0.2349300000
0.0472855042 -0.0772556861 -0.0106186861 0.9115000000 0.3522600000 -0.2123230000
0.0126115042 -0.0686206861 -0.0112176861 -0.8957490000 -0.3522940000 -0.2711520000
0.0393015042 -0.0664886861 -0.0142266861 0.8128350000 0.3401900000 -0.4728330000
0.0450895042 -0.0711906861 -0.0102326861 0.9101790000 0.3564740000 -0.2109530000
0.0083815042 -0.0599756861 -0.0101856861 -0.8882670000 -0.3451170000 -0.3031120000
0.0102085042 -0.0637686861 -0.0107616861 -0.8797760000 -0.3424290000 -0.3297510000
0.0394355042 -0.0611096861 -0.0121236861 0.8614980000 0.3387650000 -0.3782320000
0.0060055042 -0.0537576861 -0.0099996861 -0.9043970000 -0.3256200000 -0.2757490000
0.0364755042 -0.0528346861 -0.0117386861 0.8634900000 0.3577110000 -0.3555680000
0.0033605042 -0.0458126861 -0.0101656861 -0.8969230000 -0.3042790000 -0.3208480000
0.0329005042 -0.0430826861 -0.0106956861 0.8826510000 0.3862580000 -0.2678290000
0.0345135042 -0.0470236861 -0.0109836861 0.8811410000 0.3809570000 -0.2801120000
0.0009695042 -0.0373816861 -0.0106916861 -0.8910130000 -0.3133950000 -0.3284490000
0.0018805042 -0.0410046861 -0.0104056861 -0.8901320000 -0.3015940000 -0.3416220000
0.0307945042 -0.0381116861 -0.0104236861 0.8815570000 0.3973840000 -0.2548380000
-0.0025784958 -0.0275686861 -0.0101986861 -0.9011290000 -0.3191410000 -0.2934530000
0.0270415042 -0.0297756861 -0.0101816861 0.8699590000 0.4128800000 -0.2696320000
0.0233675042 -0.0220536861 -0.0099596861 0.8688730000 0.4178450000 -0.2654540000
0.0209385042 -0.0168956861 -0.0097966861 0.8713160000 0.4136560000 -0.2640020000
-0.0037394958 0.0357143139 -0.0102936861 0.8842390000 0.3572100000 -0.3008690000
-0.0950134958 0.0517193139 -0.0132726861 -0.9593990000 -0.2765430000 0.0554700000
-0.0927854958 0.0520713139 -0.0134866861 0.7699660000 -0.6298090000 0.1024310000
-0.0947104958 0.0546363139 -0.0142626861 -0.9986930000 0.0419630000 -0.0291900000
-0.0916054958 0.0584793139 -0.0135806861 0.4379830000 -0.7932850000 0.4229300000
-0.0108734958 0.0559373139 -0.0104836861 0.9092750000 0.2958120000 -0.2927690000
-0.0904944958 0.0656363139 -0.0135056861 -0.9859260000 0.0016610000 0.1671740000
-0.0855914958 0.0680633139 -0.0132216861 0.8997070000 -0.4216350000 0.1129230000
-0.0430824958 0.0696993139 -0.0102046861 -0.9717470000 -0.2352750000 -0.0187730000
-0.0150744958 0.0680433139 -0.0114416861 0.9036540000 0.2621990000 -0.3386160000
-0.0902254958 0.0741943139 -0.0131616861 -0.9676080000 0.2506540000 0.0301250000
-0.0827384958 0.0742183139 -0.0131886861 0.8805360000 -0.4600220000 0.1141750000
-0.0474674958 0.0782433139 -0.0105816861 -0.7978810000 -0.6028160000 -0.0001130000
-0.0446834958 0.0740523139 -0.0101466861 -0.9216920000 -0.3854360000 0.0438460000
-0.0146174958 0.0714773139 -0.0101216861 0.9018980000 0.3041670000 -0.3066950000
-0.0879504958 0.0821113139 -0.0127076861 -0.9538450000 0.2985060000 0.0327600000
-0.0805584958 0.0806493139 -0.0131346861 0.8223720000 -0.5555170000 0.1229040000
-0.0769694958 0.0837053139 -0.0124496861 0.7964090000 -0.5806870000 0.1689250000
-0.0499814958 0.0828773139 -0.0107306861 -0.8832960000 -0.4687110000 -0.0098640000
-0.0192924958 0.0831123139 -0.0099766861 0.9476970000 0.3181820000 0.0251120000
-0.0868424958 0.0864983139 -0.0118616861 -0.9459820000 0.3208290000 0.0467650000
-0.0850644958 0.0904353139 -0.0125056861 -0.9368240000 0.3482140000 0.0332700000
-0.0729244958 0.0887453139 -0.0125356861 0.7220960000 -0.6678620000 0.1803810000
-0.0688674958 0.0929013139 -0.0118796861 0.6399490000 -0.7527550000 0.1543540000
-0.0550094958 0.0936713139 -0.0116086861 -0.9213220000 -0.3843450000 0.0587000000
-0.0534034958 0.0900733139 -0.0112186861 -0.9139500000 -0.4029580000 0.0481670000
-0.0207864958 0.0899923139 -0.0109366861 0.9759800000 0.2025320000 -0.0802740000
-0.0817504958 0.0982923139 -0.0119786861 -0.9073200000 0.4202590000 0.0124060000
-0.0650904958 0.0961523139 -0.0118576861 0.5332020000 -0.8454920000 0.0289590000
-0.0585234958 0.0978133139 -0.0118216861 -0.3014740000 -0.9492190000 0.0899870000
-0.0232744958 0.0998223139 -0.0114536861 0.9981440000 0.0560570000 -0.0237890000
-0.0222724958 0.0955673139 -0.0110926861 0.9729870000 0.2267730000 -0.0432550000
-0.0792674958 0.1033223139 -0.0118116861 -0.8726180000 0.4883980000 -0.0021680000
-0.0766924958 0.1073443139 -0.0114656861 -0.8369320000 0.5472250000 -0.0094490000
-0.0231104958 0.1051503139 -0.0118036861 0.9665080000 -0.2407150000 -0.0889850000
-0.0219594958 0.1075613139 -0.0108366861 0.9123430000 -0.3929330000 -0.1150410000
-0.0725464958 0.1129853139 -0.0112066861 -0.7741360000 0.6323660000 -0.0287740000
-0.0688654958 0.1166963139 -0.0110506861 -0.6695370000 0.7401430000 -0.0625230000
-0.0198394958 0.1133403139 -0.0116836861 0.7383130000 -0.5979690000 -0.3119730000
-0.0135444958 0.1165333139 -0.0101396861 0.3956670000 -0.8770860000 -0.2723390000
-0.0009924958 0.1179773139 -0.0106486861 -0.1093420000 -0.9632660000 -0.2452820000
0.0038635042 0.1175733139 -0.0108106861 0.0697150000 -0.9515390000 -0.2995230000
-0.0646504958 0.1198763139 -0.0110066861 -0.5511000000 0.8343530000 0.0119820000
-0.0588024958 0.1234303139 -0.0112346861 -0.4926080000 0.8700790000 0.0173290000
-0.0538854958 0.1261973139 -0.0112026861 -0.4488070000 0.8936180000 0.0044170000
-0.0076324958 0.1190223139 -0.0107336861 0.1677830000 -0.9754810000 -0.1424300000
-0.0012464958 0.1197503139 -0.0120996861 -0.1569130000 -0.9340350000 -0.3208690000
0.0072675042 0.1195683139 -0.0121196861 0.2686430000 -0.8793780000 -0.3930970000
0.0139715042 0.1223613139 -0.0115266861 0.8328690000 -0.4509190000 -0.3209390000
-0.0501284958 0.1279023139 -0.0116086861 -0.4240340000 0.9055930000 -0.0098170000
-0.0427024958 0.1312163139 -0.0115366861 -0.3839950000 0.9232770000 -0.0103860000
-0.0366334958 0.1334843139 -0.0114386861 -0.3094800000 0.9507390000 -0.0178280000
-0.0169484958 0.1314953139 -0.0113906861 -0.3123200000 0.8078940000 -0.4997630000
-0.0112084958 0.1330093139 -0.0127976861 -0.5480860000 0.6249660000 -0.5558940000
-0.0049134958 0.1340223139 -0.0177016861 -0.6328160000 0.4454970000 -0.6333060000
0.0132155042 0.1307173139 -0.0136206861 0.9417360000 0.3251260000 -0.0861780000
-0.0336824958 0.1346103139 -0.0107626861 -0.1530030000 0.9877120000 -0.0318570000
-0.0085054958 0.1377743139 -0.0114276861 -0.6865760000 0.5240980000 -0.5039190000
-0.0050594958 0.1390203139 -0.0142906861 -0.5891270000 0.5944960000 -0.5472700000
0.0089265042 0.1415773139 -0.0128736861 0.9157610000 0.3959640000 -0.0677830000
0.0108425042 0.1372753139 -0.0131696861 0.9266130000 0.3693270000 -0.0706100000
-0.0014184958 0.1437523139 -0.0114696861 -0.3792220000 0.8330420000 -0.4027800000
0.0059175042 0.1446393139 -0.0119446861 0.3288040000 0.8891130000 -0.3183800000
0.0532155042 -0.1813126861 -0.0047236861 -0.7857120000 -0.6179020000 0.0292400000
0.0613845042 -0.1820346861 -0.0056086861 0.3143590000 -0.9492900000 0.0051150000
0.0691275042 -0.1790986861 -0.0059756861 0.3574950000 -0.9339140000 -0.0013350000
0.0738975042 -0.1778306861 -0.0050506861 0.3519950000 -0.9359750000 -0.0070540000
0.0489765042 -0.1707396861 -0.0043636861 -0.9494250000 -0.3035600000 0.0802750000
0.0505165042 -0.1741776861 -0.0052766861 -0.9483560000 -0.3167470000 0.0171080000
0.0726595042 -0.1773576861 -0.0061526861 0.3528180000 -0.9356610000 -0.0075850000
0.0775665042 -0.1758616861 -0.0059176861 0.3701580000 -0.9289260000 -0.0088860000
0.0845485042 -0.1725776861 -0.0056056861 0.8591440000 -0.5113560000 -0.0196670000
0.0476105042 -0.1654646861 -0.0046526861 -0.9489330000 -0.3101880000 0.0575340000
0.0495185042 -0.1690776861 -0.0085086861 -0.9417250000 -0.3070680000 -0.1373390000
0.0838735042 -0.1655506861 -0.0053126861 0.9321330000 0.3621160000 -0.0003050000
0.0450585042 -0.1576406861 -0.0051336861 -0.9467590000 -0.3202650000 0.0328250000
0.0801365042 -0.1564746861 -0.0054746861 0.9236570000 0.3831850000 0.0051080000
0.0818755042 -0.1603146861 -0.0046916861 0.9245740000 0.3795300000 0.0334470000
0.0409275042 -0.1467096861 -0.0039896861 -0.9388560000 -0.3210290000 0.1244570000
0.0425885042 -0.1502856861 -0.0050866861 -0.9457220000 -0.3241750000 0.0228050000
0.0773405042 -0.1496646861 -0.0050986861 0.9222330000 0.3859390000 0.0231870000
0.0394285042 -0.1414256861 -0.0045916861 -0.9438130000 -0.3260270000 0.0540680000
0.0415295042 -0.1446966861 -0.0085516861 -0.9429230000 -0.3234290000 -0.0793060000
0.0726385042 -0.1387976861 -0.0051046861 0.9160920000 0.3997390000 0.0313810000
0.0744625042 -0.1426766861 -0.0051616861 0.9185270000 0.3922140000 0.0497680000
0.0365705042 -0.1335756861 -0.0045496861 -0.9355760000 -0.3477800000 0.0612050000
0.0704495042 -0.1335096861 -0.0048566861 0.9150180000 0.3982110000 0.0645710000
0.0325595042 -0.1232086861 -0.0043476861 -0.9274580000 -0.3690200000 0.0603770000
0.0343135042 -0.1270486861 -0.0050656861 -0.9319510000 -0.3619770000 0.0209680000
0.0650135042 -0.1221686861 -0.0088666861 0.9129030000 0.3684120000 -0.1757270000
0.0671345042 -0.1256776861 -0.0047036861 0.9240960000 0.3754550000 0.0712740000
0.0304995042 -0.1177556861 -0.0047456861 -0.9222520000 -0.3847170000 0.0380000000
0.0637805042 -0.1173026861 -0.0049856861 0.9328710000 0.3582460000 0.0375770000
0.0655135042 -0.1206386861 -0.0037126861 0.9122140000 0.3565400000 0.2018550000
0.0251085042 -0.1059476861 -0.0034906861 -0.9140430000 -0.4029710000 0.0462530000
0.0271045042 -0.1098776861 -0.0049346861 -0.9154560000 -0.4006680000 0.0374970000
0.0608795042 -0.1095906861 -0.0048596861 0.9292130000 0.3629240000 0.0696380000
0.0233605042 -0.1014406861 -0.0045736861 -0.9155390000 -0.4011610000 0.0293120000
0.0254745042 -0.1052196861 -0.0063016861 -0.9183240000 -0.3889670000 -0.0733890000
0.0567355042 -0.0989826861 -0.0049166861 0.9367500000 0.3477840000 0.0393130000
0.0583225042 -0.1028256861 -0.0047536861 0.9341140000 0.3502910000 0.0687480000
0.0200635042 -0.0936416861 -0.0049006861 -0.9198410000 -0.3922400000 0.0062910000
0.0547625042 -0.0934576861 -0.0049766861 0.9377440000 0.3446570000 0.0429880000
0.0574195042 -0.0974146861 -0.0018926861 0.7303220000 0.2826000000 0.6219060000
0.0161925042 -0.0844376861 -0.0046356861 -0.9263650000 -0.3764190000 0.0125020000
0.0178685042 -0.0880176861 -0.0052316861 -0.9247420000 -0.3804450000 -0.0106910000
0.0518895042 -0.0855566861 -0.0049446861 0.9362090000 0.3486030000 0.0445860000
0.0134975042 -0.0776856861 -0.0047026861 -0.9265910000 -0.3758180000 0.0137690000
0.0482375042 -0.0762356861 -0.0049256861 0.9296210000 0.3663430000 0.0399730000
0.0499185042 -0.0798946861 -0.0045856861 0.9296710000 0.3587510000 0.0837260000
0.0088795042 -0.0667656861 -0.0037176861 -0.9275020000 -0.3697890000 0.0547410000
0.0106905042 -0.0704096861 -0.0050156861 -0.9274540000 -0.3735400000 -0.0172210000
0.0456395042 -0.0694986861 -0.0047306861 0.9270740000 0.3717680000 0.0481930000
0.0070455042 -0.0614466861 -0.0046056861 -0.9337360000 -0.3577610000 -0.0120250000
0.0095965042 -0.0638516861 -0.0095146861 -0.8986600000 -0.3633140000 -0.2457920000
0.0409885042 -0.0584416861 -0.0061416861 0.9231220000 0.3804460000 -0.0557310000
0.0427235042 -0.0622956861 -0.0047126861 0.9249280000 0.3775010000 0.0447280000
0.0042235042 -0.0538796861 -0.0045156861 -0.9392140000 -0.3426930000 -0.0209530000
0.0391055042 -0.0536806861 -0.0049836861 0.9189280000 0.3924140000 0.0397790000
0.0414485042 -0.0563776861 -0.0026196861 0.8374220000 0.3299460000 0.4357300000
0.0005355042 -0.0437266861 -0.0045016861 -0.9433420000 -0.3293250000 -0.0406340000
0.0021235042 -0.0475666861 -0.0050616861 -0.9410780000 -0.3347550000 -0.0480820000
0.0356215042 -0.0455456861 -0.0047986861 0.9140630000 0.4033980000 0.0419290000
-0.0015484958 -0.0372876861 -0.0047586861 -0.9437940000 -0.3268250000 -0.0493810000
0.0018125042 -0.0413776861 -0.0092526861 -0.9329220000 -0.3384470000 -0.1229240000
0.0317715042 -0.0370126861 -0.0049806861 0.9110210000 0.4113300000 0.0291480000
0.0336135042 -0.0400906861 -0.0042576861 0.9009170000 0.4051200000 0.1556470000
-0.0043314958 -0.0295236861 -0.0045546861 -0.9457180000 -0.3246220000 -0.0154520000
0.0285855042 -0.0298586861 -0.0046946861 0.9036020000 0.4226360000 0.0698720000
-0.0075794958 -0.0204636861 -0.0042376861 -0.9416000000 -0.3367190000 0.0031320000
-0.0060244958 -0.0236766861 -0.0052696861 -0.9436140000 -0.3277720000 -0.0464560000
0.0240515042 -0.0206266861 -0.0049856861 0.9011350000 0.4327530000 0.0261000000
0.0260815042 -0.0241686861 -0.0040106861 0.8937430000 0.4279650000 0.1344220000
-0.0100084958 -0.0134216861 -0.0043436861 -0.9429960000 -0.3328010000 0.0012050000
0.0208455042 -0.0137476861 -0.0048696861 0.9052470000 0.4221560000 0.0480850000
-0.0127424958 -0.0056596861 -0.0045836861 -0.9392920000 -0.3426190000 -0.0185230000
0.0162145042 -0.0040626861 -0.0051816861 0.9068450000 0.4200800000 0.0341370000
0.0182545042 -0.0077496861 -0.0040526861 0.9028360000 0.4193730000 0.0949410000
-0.0160054958 0.0029463139 -0.0041706861 -0.9391480000 -0.3433750000 0.0097200000
-0.0142334958 -0.0006806861 -0.0055376861 -0.9369610000 -0.3424410000 -0.0695630000
0.0133795042 0.0024313139 -0.0051066861 0.9085740000 0.4143870000 0.0527010000
-0.0187414958 0.0106153139 -0.0043426861 -0.9383150000 -0.3457650000 -0.0033990000
0.0086775042 0.0124863139 -0.0052256861 0.9139790000 0.4050470000 0.0240590000
0.0106135042 0.0089283139 -0.0043906861 0.9074230000 0.4051000000 0.1117020000
-0.0231344958 0.0215283139 -0.0036046861 -0.9306460000 -0.3657220000 0.0120140000
-0.0214734958 0.0177353139 -0.0042586861 -0.9336990000 -0.3579710000 0.0079730000
0.0063255042 0.0183673139 -0.0045366861 0.9104610000 0.4028940000 0.0934680000
-0.0248994958 0.0265093139 -0.0041496861 -0.9296530000 -0.3684300000 0.0022210000
-0.0219314958 0.0231783139 -0.0080146861 -0.9278520000 -0.3658700000 -0.0723180000
0.0011805042 0.0294483139 -0.0061236861 0.9240110000 0.3806080000 0.0366320000
0.0030055042 0.0262073139 -0.0041556861 0.9131730000 0.3855580000 0.1321350000
-0.0282794958 0.0346543139 -0.0042796861 -0.9133230000 -0.4069720000 -0.0146340000
-0.0004954958 0.0343643139 -0.0043246861 0.9260940000 0.3679970000 0.0832340000
0.0021325042 0.0310653139 -0.0049566861 0.7887740000 0.3155960000 0.5274790000
-0.0321754958 0.0427513139 -0.0039856861 -0.9023570000 -0.4307220000 0.0151980000
-0.0302184958 0.0396513139 -0.0055076861 -0.9015610000 -0.4277350000 -0.0650390000
-0.0037024958 0.0426083139 -0.0046636861 0.9372860000 0.3414880000 0.0698550000
-0.0949694958 0.0518393139 -0.0078396861 0.0839130000 -0.6487130000 0.7563930000
-0.0935044958 0.0524103139 -0.0078966861 0.6110120000 -0.4989500000 0.6145840000
-0.0357564958 0.0504263139 -0.0042226861 -0.8969750000 -0.4419080000 -0.0123760000
-0.0072684958 0.0523213139 -0.0050836861 0.9467420000 0.3217630000 0.0121710000
-0.0057104958 0.0488723139 -0.0039436861 0.9381570000 0.3230070000 0.1246130000
-0.0952034958 0.0544863139 -0.0063596861 0.8076640000 -0.3016140000 0.5066630000
-0.0920874958 0.0584833139 -0.0074536861 0.3458330000 -0.2744020000 0.8972760000
-0.0402764958 0.0593143139 -0.0042146861 -0.9026410000 -0.4285240000 -0.0400780000
-0.0379224958 0.0554543139 -0.0052106861 -0.8868100000 -0.4567000000 -0.0706690000
-0.0091974958 0.0585393139 -0.0047446861 0.9534530000 0.3013290000 0.0113410000
-0.0064864958 0.0547153139 -0.0021846861 0.7669390000 0.2251220000 0.6009360000
-0.0900984958 0.0662433139 -0.0069836861 0.1247080000 -0.2142990000 0.9687740000
-0.0859054958 0.0685383139 -0.0087086861 0.7898170000 -0.3680150000 0.4906680000
-0.0427254958 0.0666303139 -0.0052666861 -0.9692970000 -0.2447620000 -0.0235620000
-0.0115804958 0.0664353139 -0.0048606861 0.9575210000 0.2883620000 0.0004980000
-0.0889664958 0.0741343139 -0.0061506861 -0.7307900000 0.1041870000 0.6746040000
-0.0840714958 0.0749393139 -0.0079006861 0.6839560000 -0.3515530000 0.6392300000
-0.0474064958 0.0779313139 -0.0057986861 -0.7837580000 -0.6205240000 0.0259660000
-0.0447024958 0.0742823139 -0.0056956861 -0.9170840000 -0.3984380000 0.0142540000
-0.0156844958 0.0766713139 -0.0062766861 0.8807390000 0.4735690000 -0.0056710000
-0.0135564958 0.0730293139 -0.0048946861 0.9253670000 0.3789290000 -0.0104420000
-0.0876814958 0.0816203139 -0.0063276861 -0.9493490000 0.2634200000 0.1713080000
-0.0824464958 0.0822123139 -0.0065586861 0.4735320000 -0.3433820000 0.8110840000
-0.0772314958 0.0844943139 -0.0086176861 0.6440380000 -0.4705140000 0.6031840000
-0.0497164958 0.0823383139 -0.0056696861 -0.8854890000 -0.4643610000 0.0166920000
-0.0189124958 0.0825683139 -0.0058366861 0.9375220000 0.3438110000 0.0533570000
-0.0836774958 0.0900283139 -0.0056716861 -0.9131240000 0.2578480000 0.3157820000
-0.0745664958 0.0904363139 -0.0074716861 0.4812250000 -0.5127490000 0.7109930000
-0.0687434958 0.0933833139 -0.0075506861 0.4409060000 -0.8436550000 0.3063480000
-0.0549124958 0.0937903139 -0.0075626861 -0.9165650000 -0.3947430000 0.0639320000
-0.0531214958 0.0900603139 -0.0057646861 -0.9207240000 -0.3889140000 0.0318150000
-0.0204754958 0.0901703139 -0.0056506861 0.9839690000 0.1782130000 0.0066510000
-0.0814804958 0.0983813139 -0.0056476861 -0.9150970000 0.4002220000 0.0491840000
-0.0729224958 0.0953193139 -0.0050536861 0.1901860000 -0.7707050000 0.6081470000
-0.0660754958 0.0957543139 -0.0052826861 0.3708540000 -0.9248340000 0.0845520000
-0.0581764958 0.0977863139 -0.0055966861 -0.3466840000 -0.9378230000 0.0172880000
-0.0544594958 0.0948243139 -0.0068816861 -0.9103730000 -0.4116930000 0.0415840000
-0.0231524958 0.1001443139 -0.0056716861 0.9990540000 0.0420010000 -0.0113040000
-0.0221604958 0.0968193139 -0.0053746861 0.9753880000 0.2204400000 0.0049020000
-0.0791524958 0.1032363139 -0.0063026861 -0.8785030000 0.4769280000 0.0278020000
-0.0768044958 0.1070153139 -0.0055006861 -0.8456270000 0.5333670000 0.0208260000
-0.0230164958 0.1038973139 -0.0057196861 0.9715390000 -0.2367560000 -0.0075830000
-0.0212574958 0.1076723139 -0.0052646861 0.8628860000 -0.5045060000 -0.0300070000
-0.0727574958 0.1127603139 -0.0057906861 -0.7847150000 0.6198470000 0.0033860000
-0.0689724958 0.1168333139 -0.0054166861 -0.6743800000 0.7383810000 0.0023280000
-0.0171734958 0.1125223139 -0.0055356861 0.6098440000 -0.7919740000 -0.0294400000
-0.0107944958 0.1158853139 -0.0050056861 0.3562960000 -0.9343140000 0.0105600000
-0.0025894958 0.1174403139 -0.0052786861 -0.0605210000 -0.9979320000 -0.0216310000
0.0051185042 0.1166593139 -0.0048356861 0.1414070000 -0.9891620000 0.0395250000
0.0103265042 0.1178723139 -0.0047806861 0.3840100000 -0.9191300000 0.0879620000
-0.0649024958 0.1197203139 -0.0057426861 -0.5275030000 0.8494780000 0.0112860000
-0.0586654958 0.1234433139 -0.0057806861 -0.4973000000 0.8673800000 0.0185840000
-0.0532364958 0.1259813139 -0.0055756861 -0.4454140000 0.8947130000 0.0330860000
-0.0041044958 0.1185453139 -0.0085756861 -0.0051490000 -0.9988380000 -0.0479130000
0.0090445042 0.1187963139 -0.0057716861 0.3430180000 -0.9393090000 0.0061350000
0.0144575042 0.1207503139 -0.0051016861 0.6988610000 -0.7104770000 0.0825600000
0.0176005042 0.1233673139 -0.0061796861 0.8023350000 -0.3745150000 0.4647540000
-0.0496954958 0.1280853139 -0.0057316861 -0.4252950000 0.9048160000 0.0208040000
-0.0425514958 0.1310953139 -0.0057446861 -0.3835380000 0.9230920000 0.0282870000
-0.0361794958 0.1335353139 -0.0056366861 -0.2957530000 0.9551030000 0.0175430000
-0.0264164958 0.1335003139 -0.0051426861 0.0215960000 0.9994990000 0.0231270000
-0.0190554958 0.1338243139 -0.0047896861 -0.2255120000 0.9706350000 0.0837380000
-0.0142164958 0.1340783139 -0.0030226861 -0.3786430000 0.7837970000 0.4922320000
0.0138425042 0.1303353139 -0.0058426861 0.9470070000 0.3203210000 -0.0239140000
-0.0336814958 0.1346533139 -0.0054176861 -0.0951800000 0.9954600000 0.0001070000
-0.0161184958 0.1349213139 -0.0049486861 -0.3674020000 0.9292610000 -0.0385930000
-0.0102084958 0.1389153139 -0.0052996861 -0.6747070000 0.7380560000 -0.0066470000
0.0090055042 0.1418583139 -0.0067576861 0.9170720000 0.3968320000 -0.0387730000
0.0109875042 0.1378423139 -0.0056936861 0.9246180000 0.3792660000 -0.0352090000
-0.0067724958 0.1429313139 -0.0065706861 -0.6447640000 0.7639620000 0.0253220000
-0.0030714958 0.1446823139 -0.0052366861 -0.4698330000 0.8820900000 -0.0342650000
0.0059775042 0.1462363139 -0.0051176861 0.3745270000 0.9271320000 -0.0125250000
0.0097605042 0.1433583139 -0.0059456861 0.4311170000 0.8928870000 0.1299620000
0.0546865042 -0.1806916861 0.0026803139 -0.7087990000 -0.4835980000 0.5135530000
0.0606515042 -0.1820356861 0.0028643139 0.0981810000 -0.9499340000 0.2966250000
0.0690165042 -0.1791486861 0.0022083139 0.3498540000 -0.9349110000 0.0595230000
0.0740295042 -0.1778146861 0.0024233139 0.3836530000 -0.9188740000 0.0920870000
0.0490565042 -0.1705966861 -0.0005426861 -0.9011660000 -0.2826320000 0.3286620000
0.0523115042 -0.1736996861 0.0030443139 -0.7920490000 -0.2586520000 0.5529540000
0.0728455042 -0.1773486861 0.0018733139 0.3606000000 -0.9315410000 0.0468980000
0.0781325042 -0.1753596861 0.0027883139 0.4802180000 -0.8312810000 0.2799320000
0.0836045042 -0.1720806861 0.0029413139 0.8021670000 -0.2483790000 0.5429880000
0.0481685042 -0.1645356861 0.0012273139 -0.8608270000 -0.2855220000 0.4212520000
0.0508725042 -0.1662876861 0.0044923139 -0.7108660000 -0.2306390000 0.6644360000
0.0798785042 -0.1643386861 0.0051233139 0.5789210000 0.2748220000 0.7676740000
0.0829415042 -0.1663956861 0.0024133139 0.7891020000 0.3147380000 0.5275020000
0.0467395042 -0.1573326861 0.0028393139 -0.7854300000 -0.2647300000 0.5594790000
0.0499195042 -0.1597866861 0.0057423139 -0.6110310000 -0.1966390000 0.7667950000
0.0729605042 -0.1539956861 0.0060813139 0.4590390000 0.2245010000 0.8595830000
0.0779175042 -0.1575086861 0.0036623139 0.6681080000 0.3047220000 0.6788050000
0.0818795042 -0.1606376861 -0.0001506861 0.8587200000 0.3708830000 0.3536200000
0.0410145042 -0.1469166861 -0.0002376861 -0.8742340000 -0.2933770000 0.3868390000
0.0445235042 -0.1496396861 0.0033353139 -0.7491460000 -0.2554080000 0.6111850000
0.0719895042 -0.1483546861 0.0053483139 0.5162750000 0.2441070000 0.8208970000
0.0755315042 -0.1500826861 0.0027333139 0.7079310000 0.3208290000 0.6292080000
0.0400855042 -0.1407226861 0.0014263139 -0.8393600000 -0.2948440000 0.4566640000
0.0429555042 -0.1422056861 0.0046573139 -0.6545820000 -0.2220780000 0.7226370000
0.0652025042 -0.1384216861 0.0061273139 0.4218430000 0.1984480000 0.8846850000
0.0700415042 -0.1411456861 0.0040743139 0.6014240000 0.2751800000 0.7500430000
0.0741615042 -0.1434906861 0.0004483139 0.8139550000 0.3599550000 0.4559700000
0.0384945042 -0.1332886861 0.0029593139 -0.7519180000 -0.2844880000 0.5947160000
0.0418805042 -0.1354526861 0.0057573139 -0.5413830000 -0.1922180000 0.8185090000
0.0640095042 -0.1320266861 0.0055973139 0.4465760000 0.2068990000 0.8704950000
0.0680415042 -0.1340456861 0.0029403139 0.6729100000 0.2987080000 0.6767320000
0.0327825042 -0.1231196861 0.0002683139 -0.8662770000 -0.3422270000 0.3639290000
0.0360825042 -0.1258266861 0.0036053139 -0.7069510000 -0.2818610000 0.6486710000
0.0625155042 -0.1251456861 0.0045133139 0.5432080000 0.2263720000 0.8085050000
0.0664475042 -0.1266726861 0.0010823139 0.7819100000 0.3269140000 0.5307950000
0.0313915042 -0.1169036861 0.0022673139 -0.7874420000 -0.3379040000 0.5155160000
0.0344935042 -0.1186766861 0.0051923139 -0.5892340000 -0.2507750000 0.7680590000
0.0564875042 -0.1157686861 0.0058983139 0.4215770000 0.1642070000 0.8918010000
0.0608245042 -0.1177996861 0.0033483139 0.6400410000 0.2495120000 0.7266990000
0.0655965042 -0.1207266861 0.0005033139 0.6841670000 0.2722830000 0.6765930000
0.0249945042 -0.1062506861 -0.0007286861 -0.8561590000 -0.3874130000 0.3419100000
0.0289695042 -0.1096486861 0.0032333139 -0.7349170000 -0.3320310000 0.5913150000
0.0335685042 -0.1125926861 0.0061163139 -0.4815290000 -0.2280480000 0.8462410000
0.0553615042 -0.1090836861 0.0051873139 0.4992550000 0.1832240000 0.8468610000
0.0592685042 -0.1101256861 0.0019263139 0.7385920000 0.2863890000 0.6102980000
0.0238885042 -0.1006936861 0.0017393139 -0.8182140000 -0.3681480000 0.4415790000
0.0268185042 -0.1026746861 0.0047533139 -0.6477650000 -0.3042060000 0.6984690000
0.0541755042 -0.1013986861 0.0038143139 0.6331100000 0.2187310000 0.7425150000
0.0580895042 -0.1037096861 0.0001483139 0.8276680000 0.3052020000 0.4709750000
0.0215985042 -0.0935206861 0.0030873139 -0.7711990000 -0.3394610000 0.5385340000
0.0255985042 -0.0970486861 0.0060353139 -0.5704510000 -0.2706330000 0.7754630000
0.0487005042 -0.0919146861 0.0057503139 0.5095130000 0.1600060000 0.8454550000
0.0523325042 -0.0939436861 0.0031003139 0.7005150000 0.2413630000 0.6715820000
0.0163255042 -0.0838116861 0.0009813139 -0.8653080000 -0.3521250000 0.3567220000
0.0189545042 -0.0862166861 0.0039283139 -0.7442540000 -0.3105430000 0.5913110000
0.0476135042 -0.0850176861 0.0048603139 0.6059800000 0.2138650000 0.7661920000
0.0508645042 -0.0862046861 0.0015763139 0.7924670000 0.2854980000 0.5389680000
0.0147055042 -0.0773526861 0.0029073139 -0.7966540000 -0.3254190000 0.5093570000
0.0179055042 -0.0801576861 0.0056633139 -0.6420320000 -0.2653780000 0.7192840000
0.0459825042 -0.0774856861 0.0035513139 0.6887260000 0.2642640000 0.6751450000
0.0497365042 -0.0803356861 -0.0002466861 0.8598910000 0.3288680000 0.3904260000
0.0089875042 -0.0669496861 0.0001853139 -0.8765790000 -0.3510950000 0.3291540000
0.0119475042 -0.0698146861 0.0033083139 -0.7800090000 -0.3130810000 0.5418180000
0.0403665042 -0.0680516861 0.0055183139 0.5579490000 0.2178940000 0.8007590000
0.0436915042 -0.0700326861 0.0028733139 0.7294320000 0.2851610000 0.6217820000
0.0077725042 -0.0610806861 0.0021793139 -0.8295980000 -0.3158840000 0.4604180000
0.0104195042 -0.0629856861 0.0050893139 -0.6835730000 -0.2621550000 0.6811780000
0.0390135042 -0.0611426861 0.0042013139 0.6558420000 0.2650820000 0.7068260000
0.0422535042 -0.0631986861 0.0013073139 0.7929010000 0.3179700000 0.5198100000
0.0056405042 -0.0536036861 0.0031683139 -0.7856460000 -0.2849240000 0.5491620000
0.0094895042 -0.0574546861 0.0061493139 -0.6204520000 -0.2248810000 0.7513110000
0.0325665042 -0.0509426861 0.0059383139 0.5117400000 0.2306770000 0.8275930000
0.0366815042 -0.0535996861 0.0032813139 0.6996850000 0.3034060000 0.6468270000
0.0417225042 -0.0572286861 -0.0012186861 0.7427070000 0.3416570000 0.5758970000
0.0006905042 -0.0437176861 0.0007223139 -0.8796150000 -0.3076050000 0.3628440000
0.0033705042 -0.0460456861 0.0037623139 -0.7520340000 -0.2596130000 0.6058430000
0.0313945042 -0.0447686861 0.0047923139 0.5891610000 0.2716320000 0.7609900000
0.0347535042 -0.0464176861 0.0017503139 0.7712530000 0.3412120000 0.5373480000
-0.0006154958 -0.0371736861 0.0023933139 -0.8115330000 -0.2709880000 0.5176670000
0.0022225042 -0.0384736861 0.0055043139 -0.6095960000 -0.1917410000 0.7691730000
0.0248365042 -0.0346206861 0.0059513139 0.4479110000 0.2267840000 0.8648380000
0.0293265042 -0.0375476861 0.0034373139 0.6595750000 0.3080670000 0.6856060000
0.0333945042 -0.0404196861 0.0003073139 0.8016250000 0.3580120000 0.4787740000
-0.0024484958 -0.0294906861 0.0033063139 -0.7387790000 -0.2407280000 0.6294880000
0.0014995042 -0.0327496861 0.0060353139 -0.4993280000 -0.1407010000 0.8549120000
0.0234495042 -0.0287576861 0.0050793139 0.5073310000 0.2596820000 0.8216930000
0.0271555042 -0.0302516861 0.0021223139 0.7244310000 0.3460820000 0.5961780000
-0.0075104958 -0.0197846861 0.0007263139 -0.8694430000 -0.3062930000 0.3876240000
-0.0044694958 -0.0219016861 0.0040903139 -0.6565460000 -0.2192940000 0.7217050000
0.0166135042 -0.0191506861 0.0059143139 0.3652590000 0.1983290000 0.9095330000
0.0212895042 -0.0216146861 0.0037563139 0.5812470000 0.2975520000 0.7573730000
0.0256685042 -0.0240436861 0.0003043139 0.7886300000 0.3817330000 0.4820190000
-0.0087814958 -0.0132046861 0.0024343139 -0.7693040000 -0.2568220000 0.5849910000
-0.0053584958 -0.0141156861 0.0055813139 -0.4628150000 -0.1382950000 0.8756010000
0.0149035042 -0.0128686861 0.0052543139 0.4104560000 0.2169480000 0.8856970000
0.0194795042 -0.0142426861 0.0021393139 0.6831630000 0.3300540000 0.6514240000
-0.0148094958 -0.0028706861 -0.0000286861 -0.7191410000 -0.2559920000 0.6459920000
-0.0104494958 -0.0053326861 0.0034693139 -0.6466040000 -0.2243870000 0.7290770000
-0.0060914958 -0.0073246861 0.0060233139 -0.3489560000 -0.0980120000 0.9320000000
0.0081405042 -0.0035666861 0.0059193139 0.2732210000 0.1589380000 0.9487300000
0.0132215042 -0.0055926861 0.0038883139 0.5207780000 0.2585770000 0.8135900000
0.0179015042 -0.0077746861 0.0002863139 0.7638950000 0.3601190000 0.5355170000
-0.0157744958 0.0035153139 0.0010493139 -0.8307230000 -0.2993350000 0.4693590000
-0.0118414958 0.0020663139 0.0046363139 -0.4958760000 -0.1729920000 0.8509880000
0.0011325042 0.0058633139 0.0062253139 0.1865560000 0.1002120000 0.9773200000
0.0063325042 0.0029843139 0.0053373139 0.3236010000 0.1720380000 0.9304220000
0.0117905042 0.0019033139 0.0021283139 0.6526640000 0.3122970000 0.6902900000
-0.0172624958 0.0107363139 0.0025613139 -0.7122950000 -0.2571220000 0.6530890000
-0.0125554958 0.0102133139 0.0057043139 -0.2915170000 -0.0899040000 0.9523310000
-0.0003834958 0.0117963139 0.0059203139 0.2038660000 0.1131810000 0.9724340000
0.0052685042 0.0103803139 0.0039953139 0.4586950000 0.2192280000 0.8611260000
0.0102725042 0.0086083139 0.0003303139 0.7562510000 0.3468230000 0.5547960000
-0.0230974958 0.0212753139 0.0000693139 -0.8371480000 -0.3278010000 0.4378700000
-0.0186424958 0.0185673139 0.0037953139 -0.5545240000 -0.2098180000 0.8052820000
-0.0125384958 0.0180703139 0.0060503139 -0.1297360000 -0.0386680000 0.9907940000
-0.0021364958 0.0187703139 0.0054543139 0.2520410000 0.1224890000 0.9599330000
0.0041235042 0.0180333139 0.0024613139 0.5929090000 0.2685790000 0.7591600000
-0.0243044958 0.0271083139 0.0017593139 -0.7682520000 -0.3154100000 0.5570500000
-0.0191864958 0.0261443139 0.0052983139 -0.3246850000 -0.1361390000 0.9359730000
-0.0091664958 0.0267083139 0.0060413139 0.1116120000 0.0459180000 0.9926900000
-0.0026774958 0.0264483139 0.0044023139 0.3905540000 0.1612480000 0.9063480000
0.0025225042 0.0251583139 0.0009333139 0.7161820000 0.3046230000 0.6279230000
-0.0310644958 0.0376473139 0.0000903139 -0.6381930000 -0.3141560000 0.7028620000
-0.0260664958 0.0347763139 0.0033253139 -0.6228380000 -0.2869480000 0.7278280000
-0.0206674958 0.0332053139 0.0059043139 -0.2110410000 -0.1111920000 0.9711320000
-0.0096704958 0.0347083139 0.0056953139 0.2188070000 0.0684940000 0.9733610000
-0.0033504958 0.0341633139 0.0029723139 0.5524330000 0.2124400000 0.8060310000
0.0014965042 0.0315303139 -0.0000606861 0.5745380000 0.2445800000 0.7810810000
-0.0319804958 0.0437963139 0.0014933139 -0.7850070000 -0.3899320000 0.4813700000
-0.0278954958 0.0416933139 0.0046883139 -0.4907400000 -0.2633380000 0.8305580000
-0.0198484958 0.0410753139 0.0061523139 -0.0579620000 -0.0714360000 0.9957600000
-0.0101324958 0.0426003139 0.0051343139 0.3417530000 0.0945950000 0.9350170000
-0.0047764958 0.0418313139 0.0018383139 0.6836390000 0.2403910000 0.6890940000
-0.0949194958 0.0505683139 0.0032963139 -0.6950370000 -0.7183740000 0.0293880000
-0.0933154958 0.0515443139 0.0039403139 0.3162170000 -0.9474840000 -0.0477640000
-0.0341714958 0.0506123139 0.0031533139 -0.6972150000 -0.3688840000 0.6146680000
-0.0298244958 0.0481543139 0.0058313139 -0.3973600000 -0.2412250000 0.8853900000
-0.0151874958 0.0517293139 0.0060843139 0.2887270000 0.0458740000 0.9563120000
-0.0106544958 0.0504043139 0.0042543139 0.4927690000 0.1302510000 0.8603570000
-0.0059604958 0.0487353139 0.0003593139 0.8168540000 0.2674280000 0.5111090000
-0.0918584958 0.0585143139 0.0036863139 -0.9743900000 -0.2239270000 -0.0204910000
-0.0400274958 0.0599023139 0.0017913139 -0.8019640000 -0.4177380000 0.4270220000
-0.0368294958 0.0572513139 0.0043013139 -0.6516270000 -0.3675460000 0.6635450000
-0.0155514958 0.0587333139 0.0059193139 0.3748610000 0.0655170000 0.9247630000
-0.0115394958 0.0581443139 0.0033263139 0.6368990000 0.1717420000 0.7515750000
-0.0909664958 0.0660413139 0.0033213139 -0.9822790000 0.1858890000 0.0239520000
-0.0853174958 0.0675173139 0.0045913139 0.8976390000 -0.4362550000 0.0626500000
-0.0419664958 0.0661493139 0.0033673139 -0.8100170000 -0.3130130000 0.4958780000
-0.0382324958 0.0628083139 0.0059703139 -0.5630120000 -0.3219620000 0.7611560000
-0.0159324958 0.0666753139 0.0053823139 0.5206150000 0.1069100000 0.8470710000
-0.0127084958 0.0660693139 0.0022813139 0.7569630000 0.2026530000 0.6212390000
-0.0896584958 0.0744243139 0.0027733139 -0.9637960000 0.2666150000 0.0037380000
-0.0817964958 0.0743783139 0.0047513139 0.8757060000 -0.4668860000 0.1231150000
-0.0472784958 0.0778013139 0.0022033139 -0.6885890000 -0.6168580000 0.3812230000
-0.0430724958 0.0749633139 0.0045503139 -0.4619400000 -0.1775290000 0.8689620000
-0.0349664958 0.0762043139 0.0059263139 -0.0178850000 0.0892360000 0.9958500000
-0.0270744958 0.0770943139 0.0060463139 -0.0253920000 0.1349540000 0.9905260000
-0.0171954958 0.0748903139 0.0045573139 0.5737290000 0.2130810000 0.7908420000
-0.0137354958 0.0727483139 0.0011223139 0.8204470000 0.2702510000 0.5038170000
-0.0875984958 0.0813623139 0.0025613139 -0.9533510000 0.3018560000 0.0021340000
-0.0838374958 0.0831003139 0.0032403139 -0.9908240000 0.0797520000 0.1091190000
-0.0764824958 0.0831373139 0.0046003139 0.8193190000 -0.5571310000 0.1353530000
-0.0493624958 0.0821913139 0.0027453139 -0.8383220000 -0.4871540000 0.2447400000
-0.0417054958 0.0791723139 0.0058733139 -0.0084820000 -0.2374090000 0.9713730000
-0.0341304958 0.0805223139 0.0057813139 0.0574380000 -0.0993830000 0.9933900000
-0.0265624958 0.0822063139 0.0056313139 0.0530880000 -0.0160490000 0.9984610000
-0.0201864958 0.0818753139 0.0044153139 0.4246090000 0.1769820000 0.8879110000
-0.0844574958 0.0904463139 0.0022783139 -0.9395670000 0.3414740000 0.0246780000
-0.0724334958 0.0887573139 0.0046523139 0.7703060000 -0.6247810000 0.1275830000
-0.0685054958 0.0930863139 0.0035573139 0.6611970000 -0.7490490000 0.0417660000
-0.0548154958 0.0939093139 0.0029923139 -0.9138200000 -0.4040570000 0.0408810000
-0.0529544958 0.0900183139 0.0023653139 -0.9048140000 -0.4140270000 0.0994650000
-0.0243134958 0.0877713139 0.0060253139 0.1489830000 -0.1645710000 0.9750490000
-0.0207664958 0.0895773139 0.0038583139 0.7206980000 -0.0120500000 0.6931440000
-0.0812124958 0.0984223139 0.0024463139 -0.9095750000 0.4138070000 0.0379170000
-0.0650724958 0.0961053139 0.0023843139 0.5189970000 -0.8542760000 0.0292440000
-0.0586234958 0.0978273139 0.0024163139 -0.2489310000 -0.9678490000 0.0360770000
-0.0544134958 0.0948983139 0.0011053139 -0.8768730000 -0.4802160000 0.0220430000
-0.0231994958 0.1001733139 0.0025033139 0.9749530000 0.0788480000 0.2079670000
-0.0219454958 0.0966733139 0.0027793139 0.9071910000 0.1956260000 0.3724720000
-0.0790064958 0.1031423139 0.0020433139 -0.8845050000 0.4656730000 0.0282720000
-0.0766134958 0.1071393139 0.0024293139 -0.8508450000 0.5246430000 0.0285020000
-0.0232354958 0.1047843139 0.0028863139 0.9491840000 -0.2271890000 0.2177970000
-0.0212404958 0.1084333139 0.0018533139 0.8331490000 -0.4898190000 0.2567890000
-0.0726584958 0.1128133139 0.0021833139 -0.7841010000 0.6200560000 0.0267540000
-0.0689854958 0.1168903139 0.0021193139 -0.6682810000 0.7433740000 0.0282000000
-0.0176414958 0.1139963139 0.0031503139 0.6245630000 -0.5690150000 0.5349230000
-0.0112114958 0.1166503139 0.0011553139 0.3426810000 -0.7666860000 0.5429200000
-0.0023984958 0.1175213139 0.0003073139 -0.0732190000 -0.8973280000 0.4352480000
0.0045725042 0.1173863139 0.0009163139 0.1437850000 -0.9070520000 0.3957060000
0.0096915042 0.1182033139 0.0002443139 0.3593270000 -0.8305650000 0.4254960000
-0.0649254958 0.1197353139 0.0023883139 -0.5313960000 0.8469920000 -0.0149580000
-0.0588774958 0.1232403139 0.0020523139 -0.4931750000 0.8696840000 0.0207000000
-0.0537764958 0.1258693139 0.0021013139 -0.4372450000 0.8988110000 0.0309240000
-0.0154984958 0.1209553139 0.0058743139 0.3235740000 -0.2531470000 0.9117110000
-0.0105814958 0.1219823139 0.0049823139 0.1287540000 -0.3991620000 0.9077950000
-0.0031054958 0.1207293139 0.0039993139 -0.1340000000 -0.7003070000 0.7011520000
0.0058855042 0.1200513139 0.0041533139 0.1949030000 -0.7657090000 0.6129460000
0.0131325042 0.1220673139 0.0025923139 0.4856370000 -0.7094890000 0.5106690000
0.0176635042 0.1215503139 -0.0004676861 0.7048490000 -0.4927460000 0.5102830000
-0.0498204958 0.1278283139 0.0021813139 -0.4083800000 0.9121720000 0.0341790000
-0.0428394958 0.1307763139 0.0022093139 -0.3868320000 0.9203780000 0.0571390000
-0.0360354958 0.1333233139 0.0023763139 -0.2838950000 0.9508830000 0.1233920000
-0.0260584958 0.1320223139 0.0030213139 0.1618420000 0.8459170000 0.5081650000
-0.0182614958 0.1315533139 0.0037063139 -0.0504310000 0.6558400000 0.7532130000
-0.0121354958 0.1308273139 0.0053153139 -0.2083880000 0.2738160000 0.9389350000
0.0140905042 0.1299783139 0.0023863139 0.9568160000 0.2408760000 0.1627330000
-0.0335054958 0.1346153139 0.0025923139 -0.0519750000 0.9948350000 0.0871930000
-0.0156224958 0.1348253139 0.0004673139 -0.3518810000 0.8330660000 0.4268260000
-0.0094974958 0.1375163139 0.0026653139 -0.6049500000 0.5599750000 0.5660960000
-0.0043894958 0.1405583139 0.0048203139 -0.4671840000 0.6070440000 0.6428350000
0.0050005042 0.1419053139 0.0047743139 0.1396810000 0.7520360000 0.6441510000
0.0110915042 0.1381203139 0.0015923139 0.9092150000 0.4078570000 0.0835460000
-0.0021904958 0.1440003139 0.0016143139 -0.3958440000 0.8221640000 0.4090900000
0.0053525042 0.1452413139 0.0030913139 -0.0304590000 0.8274510000 0.5607110000
0.0099255042 0.1431913139 0.0036813139 0.2941470000 0.7883790000 0.5403120000
0.0568925042 -0.1789726861 0.0067413139 -0.5276650000 -0.2771370000 0.8029730000
0.0611795042 -0.1796976861 0.0080903139 -0.2213630000 -0.4035790000 0.8877630000
0.0682595042 -0.1787246861 0.0087163139 0.1589460000 -0.5375010000 0.8281480000
0.0737145042 -0.1778636861 0.0073503139 0.4071620000 -0.7590830000 0.5079490000
0.0559745042 -0.1730216861 0.0071963139 -0.5012260000 -0.1455900000 0.8529810000
0.0613205042 -0.1737166861 0.0090793139 -0.2378190000 -0.0627980000 0.9692770000
0.0692545042 -0.1737186861 0.0097953139 0.0744970000 -0.0543500000 0.9957390000
0.0766965042 -0.1730496861 0.0081113139 0.3834080000 -0.1277710000 0.9146980000
0.0818315042 -0.1715216861 0.0065503139 0.4649340000 0.0516290000 0.8838390000
0.0546945042 -0.1652116861 0.0076443139 -0.4047130000 -0.1148060000 0.9072080000
0.0613645042 -0.1656256861 0.0092823139 -0.1238900000 -0.0001330000 0.9922960000
0.0692885042 -0.1655386861 0.0092193139 0.1287850000 0.0997280000 0.9866450000
0.0762995042 -0.1660356861 0.0076273139 0.3484960000 0.1791120000 0.9200380000
0.0814785042 -0.1687326861 0.0063153139 0.4361300000 0.0944460000 0.8949140000
0.0488285042 -0.1547176861 0.0064543139 -0.5067070000 -0.1591200000 0.8473070000
0.0534405042 -0.1572916861 0.0079303139 -0.3176870000 -0.0835690000 0.9445060000
0.0612135042 -0.1575386861 0.0091553139 -0.0213880000 0.0314800000 0.9992750000
0.0692565042 -0.1575756861 0.0082773139 0.2278300000 0.1313910000 0.9647950000
0.0746795042 -0.1586956861 0.0068763139 0.3929880000 0.2003570000 0.8974500000
0.0479915042 -0.1487406861 0.0069103139 -0.4289920000 -0.1331770000 0.8934370000
0.0532855042 -0.1495666861 0.0083403139 -0.1918070000 -0.0327270000 0.9808870000
0.0612545042 -0.1495916861 0.0087353139 0.0839440000 0.0691220000 0.9940700000
0.0683605042 -0.1498486861 0.0074333139 0.3018640000 0.1589030000 0.9400150000
0.0738875042 -0.1526986861 0.0062933139 0.3478190000 0.1818150000 0.9197640000
0.0467545042 -0.1411866861 0.0072943139 -0.3369980000 -0.1022120000 0.9359410000
0.0532515042 -0.1416406861 0.0084663139 -0.0771860000 -0.0037150000 0.9970100000
0.0613205042 -0.1416376861 0.0080033139 0.1853720000 0.1060270000 0.9769320000
0.0667885042 -0.1427326861 0.0068033139 0.3458140000 0.1726180000 0.9222880000
0.0407135042 -0.1306916861 0.0064883139 -0.4012440000 -0.1574170000 0.9023430000
0.0455675042 -0.1334356861 0.0075663139 -0.2519420000 -0.0785100000 0.9645530000
0.0533195042 -0.1336306861 0.0083293139 0.0337150000 0.0379760000 0.9987100000
0.0605275042 -0.1339646861 0.0072953139 0.2611090000 0.1328350000 0.9561260000
0.0657825042 -0.1364306861 0.0063793139 0.3810010000 0.1834510000 0.9061920000
0.0397325042 -0.1247556861 0.0069083139 -0.3608410000 -0.1506800000 0.9203740000
0.0452385042 -0.1256476861 0.0080043139 -0.1297320000 -0.0558510000 0.9899750000
0.0532615042 -0.1256196861 0.0079193139 0.1436990000 0.0626820000 0.9876340000
0.0588855042 -0.1263406861 0.0068063139 0.3119730000 0.1365240000 0.9402310000
0.0330425042 -0.1143736861 0.0063253139 -0.4312560000 -0.2000800000 0.8797650000
0.0381795042 -0.1172326861 0.0074093139 -0.2850000000 -0.1302950000 0.9496300000
0.0453365042 -0.1176446861 0.0083063139 -0.0056050000 -0.0151490000 0.9998700000
0.0530245042 -0.1178326861 0.0073983139 0.2362330000 0.0872340000 0.9677730000
0.0578505042 -0.1203056861 0.0065333139 0.3483590000 0.1344510000 0.9276690000
0.0319145042 -0.1079156861 0.0068763139 -0.4095800000 -0.1988630000 0.8903360000
0.0372545042 -0.1095686861 0.0080443139 -0.1835310000 -0.1050080000 0.9773890000
0.0452955042 -0.1096516861 0.0082953139 0.1038960000 0.0150140000 0.9944750000
0.0516205042 -0.1100036861 0.0070893139 0.2963910000 0.0976330000 0.9500630000
0.0303065042 -0.1010866861 0.0074813139 -0.3390990000 -0.1766070000 0.9240250000
0.0372515042 -0.1015746861 0.0086743139 -0.0549990000 -0.0581040000 0.9967940000
0.0453465042 -0.1016006861 0.0080353139 0.2084460000 0.0451640000 0.9769910000
0.0506145042 -0.1023396861 0.0066673139 0.3719270000 0.1135690000 0.9212890000
0.0241815042 -0.0920006861 0.0069193139 -0.4697390000 -0.2194350000 0.8550990000
0.0292325042 -0.0935946861 0.0083153139 -0.2455030000 -0.1373080000 0.9596220000
0.0372265042 -0.0936476861 0.0090353139 0.0486900000 -0.0244280000 0.9985150000
0.0449405042 -0.0937476861 0.0076803139 0.2986830000 0.0762230000 0.9513030000
0.0498455042 -0.0964156861 0.0065083139 0.4150860000 0.1235900000 0.9013480000
0.0227485042 -0.0851996861 0.0075863139 -0.4044540000 -0.1783280000 0.8970040000
0.0291815042 -0.0856326861 0.0091313139 -0.1201630000 -0.0658630000 0.9905670000
0.0372315042 -0.0856236861 0.0089863139 0.1465510000 0.0363240000 0.9885360000
0.0438795042 -0.0859516861 0.0073473139 0.3647140000 0.1161790000 0.9238430000
0.0166615042 -0.0754296861 0.0066843139 -0.5211250000 -0.2122800000 0.8266600000
0.0214495042 -0.0774656861 0.0082483139 -0.3163050000 -0.1306960000 0.9396120000
0.0292015042 -0.0775516861 0.0094243139 -0.0083790000 -0.0073870000 0.9999380000
0.0372255042 -0.0775446861 0.0084483139 0.2418010000 0.0884780000 0.9662830000
0.0425435042 -0.0786656861 0.0069223139 0.4221980000 0.1582000000 0.8925930000
0.0154015042 -0.0689526861 0.0073003139 -0.4517430000 -0.1783190000 0.8741460000
0.0212195042 -0.0695256861 0.0090013139 -0.1837100000 -0.0731360000 0.9802560000
0.0292345042 -0.0695016861 0.0093143139 0.0902600000 0.0330390000 0.9953700000
0.0366845042 -0.0697986861 0.0077843139 0.3318890000 0.1284420000 0.9345330000
0.0415795042 -0.0719686861 0.0066363139 0.4263530000 0.1641650000 0.8895350000
0.0089415042 -0.0579926861 0.0065263139 -0.4626360000 -0.1647230000 0.8711110000
0.0140365042 -0.0614456861 0.0078973139 -0.3722430000 -0.1379510000 0.9178260000
0.0213525042 -0.0616576861 0.0093943139 -0.0657820000 -0.0154370000 0.9977150000
0.0292685042 -0.0617046861 0.0088983139 0.1827150000 0.0785470000 0.9800230000
0.0352425042 -0.0621466861 0.0072873139 0.3831350000 0.1568500000 0.9102780000
0.0082905042 -0.0522266861 0.0068453139 -0.4931450000 -0.1690300000 0.8533680000
0.0133355042 -0.0536086861 0.0084693139 -0.2567870000 -0.0712150000 0.9638410000
0.0212755042 -0.0536226861 0.0093143139 0.0291190000 0.0388190000 0.9988220000
0.0290545042 -0.0537736861 0.0081073139 0.2806420000 0.1345910000 0.9503290000
0.0339805042 -0.0553566861 0.0067133139 0.4378420000 0.1928370000 0.8781280000
0.0071625042 -0.0451306861 0.0073883139 -0.3893780000 -0.1187140000 0.9133960000
0.0132585042 -0.0455816861 0.0087963139 -0.1308130000 -0.0160730000 0.9912770000
0.0212495042 -0.0455986861 0.0087853139 0.1275810000 0.0897950000 0.9877550000
0.0278765042 -0.0461626861 0.0073493139 0.3430510000 0.1738250000 0.9230930000
0.0059075042 -0.0373936861 0.0076003139 -0.3064750000 -0.0687340000 0.9493940000
0.0132455042 -0.0375556861 0.0087163139 -0.0259820000 0.0396800000 0.9988750000
0.0211615042 -0.0376786861 0.0078973139 0.2280220000 0.1367220000 0.9640090000
0.0263915042 -0.0393576861 0.0067203139 0.3813230000 0.1935130000 0.9039610000
0.0004465042 -0.0278876861 0.0065893139 -0.3909270000 -0.1066640000 0.9142210000
0.0053035042 -0.0295446861 0.0077353139 -0.1985170000 -0.0217120000 0.9798570000
0.0132775042 -0.0295166861 0.0081613139 0.0757140000 0.0917020000 0.9929040000
0.0198885042 -0.0300736861 0.0071203139 0.2792020000 0.1697830000 0.9451030000
-0.0004954958 -0.0211986861 0.0068543139 -0.2932320000 -0.0736340000 0.9532020000
0.0052755042 -0.0215806861 0.0077273139 -0.0747570000 0.0193350000 0.9970140000
0.0131055042 -0.0216306861 0.0073463139 0.1744350000 0.1232880000 0.9769200000
0.0183275042 -0.0239726861 0.0065463139 0.3082860000 0.1853760000 0.9330570000
-0.0015694958 -0.0133676861 0.0069303139 -0.2014720000 -0.0325020000 0.9789550000
0.0053145042 -0.0135446861 0.0074083139 0.0342580000 0.0614430000 0.9975230000
0.0115435042 -0.0144206861 0.0067853139 0.2167030000 0.1377820000 0.9664660000
-0.0071654958 -0.0035306861 0.0063463139 -0.2333910000 -0.0603870000 0.9705060000
-0.0024984958 -0.0054436861 0.0068973139 -0.1194430000 -0.0079570000 0.9928090000
0.0048055042 -0.0058706861 0.0069033139 0.1182800000 0.0910290000 0.9887990000
0.0100385042 -0.0081546861 0.0064183139 0.2349470000 0.1370480000 0.9622980000
-0.0078694958 0.0031883139 0.0064423139 -0.1770810000 -0.0443120000 0.9831980000
-0.0026624958 0.0023433139 0.0067753139 -0.0087550000 0.0288190000 0.9995460000
0.0030585042 0.0010463139 0.0065333139 0.1519000000 0.1013660000 0.9831840000
-0.0086314958 0.0105613139 0.0064853139 -0.0977620000 -0.0066870000 0.9951870000
-0.0035814958 0.0097663139 0.0065713139 0.0625850000 0.0540030000 0.9965780000
0.0015715042 0.0080313139 0.0064293139 0.1699490000 0.0965850000 0.9807080000
-0.0097734958 0.0185053139 0.0064023139 -0.0239920000 0.0092680000 0.9996690000
-0.0053994958 0.0167473139 0.0063813139 0.0904800000 0.0610930000 0.9940230000
-0.0157874958 0.0280923139 0.0063503139 -0.0696730000 -0.0381220000 0.9968410000
-0.0117954958 0.0261713139 0.0063533139 0.0159620000 0.0049880000 0.9998600000
-0.0229444958 0.0382653139 0.0062943139 -0.1512040000 -0.1035710000 0.9830620000
-0.0176014958 0.0351223139 0.0064423139 -0.0387990000 -0.0458290000 0.9981960000
-0.0131424958 0.0339683139 0.0063753139 0.0774380000 0.0092540000 0.9969540000
-0.0245374958 0.0437873139 0.0065623139 -0.1493330000 -0.1226350000 0.9811530000
-0.0186414958 0.0424393139 0.0066863139 0.0245210000 -0.0392960000 0.9989270000
-0.0137854958 0.0417393139 0.0063893139 0.1605340000 0.0190410000 0.9868470000
-0.0950224958 0.0506603139 0.0089443139 0.5782670000 -0.7650620000 0.2833500000
-0.0927994958 0.0520573139 0.0104743139 0.3054030000 -0.6709440000 0.6756940000
-0.0315804958 0.0527643139 0.0065733139 -0.3016440000 -0.2117020000 0.9296200000
-0.0264534958 0.0506293139 0.0070713139 -0.1156960000 -0.1276450000 0.9850490000
-0.0189124958 0.0503233139 0.0069663139 0.1243930000 -0.0214600000 0.9920010000
-0.0141684958 0.0490213139 0.0063783139 0.2340470000 0.0269420000 0.9718520000
-0.0910814958 0.0585483139 0.0110053139 0.1778160000 -0.1011390000 0.9788530000
-0.0858284958 0.0620543139 0.0111633139 -0.0612730000 0.0887720000 0.9941660000
-0.0387834958 0.0617753139 0.0063263139 -0.4121880000 -0.2462460000 0.8771910000
-0.0335034958 0.0591243139 0.0072503139 -0.2643490000 -0.1871290000 0.9460990000
-0.0266814958 0.0584093139 0.0078743139 -0.0087620000 -0.0829130000 0.9965180000
-0.0193504958 0.0582933139 0.0071523139 0.2136530000 -0.0007290000 0.9769090000
-0.0145134958 0.0557283139 0.0063033139 0.3106330000 0.0443360000 0.9494950000
-0.0895334958 0.0660673139 0.0111403139 -0.1453930000 0.0470360000 0.9882550000
-0.0854174958 0.0677553139 0.0102943139 0.6877040000 -0.2717740000 0.6732030000
-0.0402144958 0.0678893139 0.0066983139 -0.2742570000 -0.0533670000 0.9601740000
-0.0347554958 0.0663373139 0.0074053139 -0.1395130000 0.0559840000 0.9886360000
-0.0267144958 0.0663443139 0.0079033139 0.0022200000 0.1073370000 0.9942200000
-0.0198824958 0.0663053139 0.0072033139 0.2536290000 0.0547050000 0.9657530000
-0.0886514958 0.0741083139 0.0105873139 -0.4776680000 0.1676340000 0.8623990000
-0.0834344958 0.0748933139 0.0107573139 0.4110360000 -0.1796020000 0.8937520000
-0.0407004958 0.0719473139 0.0063983139 -0.1138560000 0.0763770000 0.9905570000
-0.0342474958 0.0724183139 0.0065223139 -0.0398900000 0.1520480000 0.9875680000
-0.0265364958 0.0732593139 0.0066973139 -0.0361950000 0.1671660000 0.9852640000
-0.0204944958 0.0737583139 0.0067273139 0.1498950000 0.1484200000 0.9774980000
-0.0874224958 0.0807263139 0.0097403139 -0.7116870000 0.2540440000 0.6549530000
-0.0826934958 0.0824313139 0.0110273139 -0.0102060000 0.0115580000 0.9998810000
-0.0769024958 0.0837273139 0.0098813139 0.5654330000 -0.3482970000 0.7476460000
-0.0485984958 0.0836583139 0.0071623139 -0.2204090000 -0.2766340000 0.9353570000
-0.0429124958 0.0827463139 0.0070583139 0.0366340000 -0.1943560000 0.9802470000
-0.0351744958 0.0840053139 0.0066523139 0.0906670000 -0.1604910000 0.9828640000
-0.0285044958 0.0853843139 0.0063883139 0.1082460000 -0.1683300000 0.9797690000
-0.0820634958 0.0901633139 0.0104203139 -0.3119050000 0.1548180000 0.9374150000
-0.0746194958 0.0904383139 0.0105033139 0.2721500000 -0.1696160000 0.9471880000
-0.0692694958 0.0928653139 0.0088063139 0.5823720000 -0.5087990000 0.6340080000
-0.0550794958 0.0937613139 0.0079043139 -0.3916980000 -0.3172410000 0.8636730000
-0.0504184958 0.0906613139 0.0082053139 -0.1756120000 -0.2223650000 0.9590170000
-0.0427284958 0.0903653139 0.0080463139 0.0683820000 -0.1173080000 0.9907390000
-0.0346514958 0.0903533139 0.0073993139 0.0819000000 -0.1203160000 0.9893520000
-0.0269504958 0.0907973139 0.0067973139 0.1182240000 -0.1186250000 0.9858760000
-0.0218804958 0.0919393139 0.0064523139 0.2694330000 -0.0732400000 0.9602300000
-0.0804534958 0.0976713139 0.0097653139 -0.4652840000 0.2479270000 0.8497320000
-0.0746614958 0.0983483139 0.0107883139 -0.0267550000 0.0525600000 0.9982590000
-0.0667724958 0.0984723139 0.0100493139 0.2011430000 -0.2452370000 0.9483670000
-0.0583134958 0.0992323139 0.0093623139 -0.0527530000 -0.3884580000 0.9199550000
-0.0506404958 0.0982963139 0.0094213139 0.0203520000 -0.1318310000 0.9910630000
-0.0426374958 0.0983743139 0.0089203139 0.0729520000 -0.1016050000 0.9921460000
-0.0346734958 0.0983143139 0.0083073139 0.0787290000 -0.1060380000 0.9912400000
-0.0267534958 0.0983503139 0.0075963139 0.1748510000 -0.0886360000 0.9805970000
-0.0221284958 0.0964733139 0.0067073139 0.2745210000 -0.0629930000 0.9595150000
-0.0790814958 0.1028483139 0.0082373139 -0.7577820000 0.4224730000 0.4972750000
-0.0742944958 0.1059993139 0.0098843139 -0.2607360000 0.1993950000 0.9445940000
-0.0667324958 0.1063903139 0.0105573139 -0.0066180000 0.0261970000 0.9996350000
-0.0587144958 0.1063603139 0.0104443139 0.0215990000 -0.0329060000 0.9992250000
-0.0507054958 0.1063073139 0.0101573139 0.0493770000 -0.0596310000 0.9969980000
-0.0426364958 0.1064373139 0.0096753139 0.0655720000 -0.0846380000 0.9942520000
-0.0346274958 0.1063463139 0.0091093139 0.0732600000 -0.0957780000 0.9927030000
-0.0267054958 0.1065203139 0.0083923139 0.2132530000 -0.1139450000 0.9703300000
-0.0220114958 0.1083123139 0.0074343139 0.6026610000 -0.2045120000 0.7713460000
-0.0720624958 0.1124353139 0.0089523139 -0.4380070000 0.3689980000 0.8197500000
-0.0665144958 0.1142003139 0.0098503139 -0.1338320000 0.1887190000 0.9728690000
-0.0586404958 0.1143683139 0.0102953139 -0.0261430000 0.0703610000 0.9971790000
-0.0506584958 0.1143373139 0.0103473139 0.0097840000 0.0153730000 0.9998340000
-0.0427134958 0.1144043139 0.0101693139 0.0337010000 -0.0206360000 0.9992190000
-0.0346934958 0.1144713139 0.0098063139 0.0572480000 -0.0526860000 0.9969690000
-0.0266154958 0.1144173139 0.0092113139 0.1412010000 -0.0880020000 0.9860620000
-0.0206624958 0.1153573139 0.0076973139 0.5060610000 -0.2121360000 0.8360030000
-0.0646064958 0.1195153139 0.0086953139 -0.2946480000 0.4731300000 0.8302590000
-0.0582564958 0.1213223139 0.0093133139 -0.1487360000 0.2850350000 0.9469070000
-0.0507364958 0.1223733139 0.0097833139 -0.0629110000 0.1578900000 0.9854510000
-0.0427014958 0.1224473139 0.0100223139 -0.0030670000 0.0636530000 0.9979670000
-0.0346854958 0.1225013139 0.0098573139 0.0309630000 0.0285200000 0.9991140000
-0.0267114958 0.1224523139 0.0094983139 0.1226860000 0.0507670000 0.9911460000
-0.0189914958 0.1225633139 0.0074063139 0.3083710000 0.0133970000 0.9511720000
-0.0101144958 0.1249043139 0.0063593139 -0.0411770000 -0.1653430000 0.9853760000
-0.0018384958 0.1242973139 0.0075853139 -0.2706610000 -0.4632410000 0.8438900000
0.0048775042 0.1237413139 0.0080523139 0.1243160000 -0.5277180000 0.8402730000
0.0117075042 0.1250303139 0.0072013139 0.3253910000 -0.5114580000 0.7953180000
-0.0495454958 0.1274543139 0.0086643139 -0.1929960000 0.4627140000 0.8652440000
-0.0423564958 0.1289693139 0.0091123139 -0.1104780000 0.3115870000 0.9437730000
-0.0349024958 0.1298743139 0.0091873139 0.0220290000 0.2455310000 0.9691380000
-0.0272914958 0.1283763139 0.0086093139 0.1854630000 0.3284040000 0.9261500000
-0.0185884958 0.1277743139 0.0069123139 0.1700300000 0.2404280000 0.9556590000
-0.0092924958 0.1298313139 0.0067103139 -0.2471320000 -0.0190690000 0.9687940000
-0.0027324958 0.1303023139 0.0091523139 -0.3291350000 -0.1413610000 0.9336420000
0.0053245042 0.1303453139 0.0101773139 0.0672700000 -0.1345990000 0.9886140000
0.0118235042 0.1299493139 0.0089673139 0.3618170000 -0.1959420000 0.9114250000
-0.0070754958 0.1358153139 0.0067743139 -0.5663310000 0.2810000000 0.7747960000
-0.0023404958 0.1374933139 0.0083813139 -0.3149640000 0.3736500000 0.8724580000
0.0054045042 0.1381503139 0.0092973139 -0.0215510000 0.3468940000 0.9376570000
0.0106675042 0.1373563139 0.0090223139 0.3000900000 0.3001650000 0.9054540000
0.0011175042 0.1425783139 0.0064623139 -0.2058520000 0.6329480000 0.7463250000
0.0063115042 0.1430173139 0.0069723139 -0.0927090000 0.5715080000 0.8153430000
