x y z normal_x normal_y normal_z
-0.0312439817 -0.0056825626 -0.0280868963 0.1416617762 0.0433506420 -0.9887515029
0.0308512014 0.0278550877 -0.0107919987 -0.7885124259 -0.6135382108 0.0330502936
-0.0154749404 0.0458179756 0.0277665474 -0.3490414447 0.9368865099 -0.0000000000
0.0194371649 -0.0363413252 -0.0130707095 0.4321102689 -0.9014381540 -0.0000000000
0.0048497776 0.0313839690 -0.0276469198 -0.0095774087 -0.0534641669 -0.9985300675
-0.0248060276 -0.0331280700 0.0189483995 -0.5578576009 -0.8295854118 -0.0000000000
-0.0118049712 0.0080433695 -0.0273724483 0.0030089084 -0.0006387792 -1.0000000000
0.0288365136 -0.0295947092 0.0397424322 0.4111322120 -0.4786360611 0.7644563878
0.0026117452 -0.0345191784 -0.0299856620 -0.0391058290 0.6033079998 -0.7953580461
-0.0274096351 0.0307576962 -0.0180614440 0.7061513826 -0.6875980418 0.1631196929
0.0107711232 -0.0396085781 -0.0080090325 0.2940666826 -0.9555672612 0.0169632227
0.0288304706 0.0381868727 0.0157666690 0.6422876657 0.7660627232 -0.0000000000
0.0212931910 -0.0353980761 -0.0201691637 0.4736617670 -0.8803454298 -0.0000000000
-0.0273717959 -0.0312195958 -0.0291597880 -0.6132231760 -0.7842286317 -0.0841474464
-0.0267877342 0.0396096678 -0.0223322039 -0.6022500800 0.7979193258 -0.0000000000
-0.0321899755 -0.0269015943 0.0277500690 -0.7230762140 -0.6902918080 -0.0000000000
0.0071892019 -0.0706867382 -0.0003436256 0.9172943580 -0.3505251962 -0.1180636795
0.0387060309 0.0086416833 -0.0124217164 -0.9910558266 -0.1206108152 0.0472376459
0.0022282347 0.0423330513 -0.0180418892 -0.0539967154 -0.9844576744 0.1624802524
0.0127831559 0.0409726188 0.0158538848 -0.3233203482 -0.9460167051 0.0008729362
-0.0374483658 -0.0069628591 0.0143064958 0.9600239653 0.2786705763 0.0000081154
0.0072269909 -0.0344364471 -0.0057926615 -0.1817423426 0.9828262625 0.0167388232
-0.0186568828 -0.0220508188 -0.0237249191 0.0313180673 0.0432234905 0.9975619991
-0.0072888797 0.0031339471 -0.0273660239 0.0002787059 0.0000020073 -1.0000000000
0.0296717617 0.0143675175 -0.0279150221 -0.1026455686 -0.0366620667 -0.9936192886
-0.0029871434 0.0485175048 0.0066269210 -0.0697094380 0.9972378349 -0.0000000000
0.0296552671 0.0034645664 -0.0237360847 0.0240410668 -0.0004385671 0.9997050642
-0.0423239842 0.0179109167 -0.0123285670 -0.9498887755 0.3124190793 -0.0000000000
0.0014638588 0.0430094369 -0.0010767326 -0.0342504591 -0.9990485038 0.0094129084
-0.0070422564 -0.0589708560 -0.0112047398 -0.9611581695 -0.0584582178 -0.1689229178
0.0439646926 0.0125817747 -0.0255202244 0.9808432724 0.1932120480 -0.0000000000
-0.0179691726 0.0448101926 -0.0223447366 -0.4048672794 0.9142611142 -0.0000000000
-0.0327463714 -0.0150391311 -0.0296052273 0.4354692376 0.2515746796 -0.8618789459
0.0391721917 0.0202839209 0.0398834800 -0.3237012499 -0.1376670137 0.9258134179
-0.0220370567 0.0262416248 -0.0279266357 0.0787078811 -0.0793497478 -0.9932903687
0.0431404807 0.0002027198 -0.0317706081 0.2761801234 -0.0229676737 -0.9563453572
-0.0208077912 -0.0106976251 -0.0275542810 0.0309786552 0.0212149524 -0.9992267220
-0.0339281241 -0.0249721261 -0.0027065984 -0.7619914705 -0.6470506936 -0.0000000000
0.0282120938 -0.0308132736 -0.0281593423 0.6283933994 -0.7776177841 -0.0152971483
-0.0162659841 -0.0376206534 -0.0260392973 -0.3667385274 -0.9300955782 -0.0000000000
0.0060590048 0.0428439776 0.0286206516 -0.1502995367 -0.9862059345 0.0675583215
0.0345677686 -0.0097314150 -0.0219827239 -0.7109754851 0.2825165175 0.6410338119
0.0153210541 -0.0316512067 -0.0156048951 -0.3910313772 0.9161699084 0.0827908595
0.0389363243 0.0013082650 -0.0116851387 -0.9964866374 0.0677011062 0.0395937558
0.0051135605 0.0483537906 0.0193252488 0.1115408481 0.9935774819 -0.0000000000
0.0272693618 -0.0241323985 -0.0045308268 -0.6947123212 0.7187716591 0.0141225660
-0.0342684873 0.0324683736 0.0191508330 -0.7696272487 0.6381385553 -0.0000000000
0.0228999590 0.0025656333 -0.0274797350 -0.0233788470 0.0029791750 -0.9997089184
-0.0181588066 -0.0306460749 0.0116440294 0.4672702637 0.8838266384 0.0006444781
0.0240794720 0.0107368333 -0.0235139929 0.0492665542 0.0139554823 0.9986758477
-0.0378499306 0.0274785752 -0.0280614715 -0.8496411725 0.5265301144 -0.0113799483
0.0070899179 -0.0449107409 0.0255781459 0.8867226738 -0.0222052575 -0.4458475652
0.0061340372 -0.0697441896 -0.0053788208 0.6031616205 -0.6578145274 -0.4267909438
-0.0020838714 -0.0736035906 0.0143654117 -0.1360542698 -0.9598001766 0.2374958603
-0.0037338325 -0.0622560849 -0.0058269662 -0.2455345502 0.5631096244 0.7820995817
-0.0441822916 0.0096707924 -0.0019575902 -0.9914167041 0.1280780171 -0.0000000000
-0.0006465063 -0.0675000300 0.0058932643 -0.0386527231 0.9950298927 0.0619868291
-0.0267969552 -0.0115254855 -0.0278821148 0.0880385122 0.0505518193 -0.9945512799
0.0063282591 -0.0403745838 0.0145539048 0.1361595398 -0.9901413857 -0.0180156949
0.0390929482 0.0064941236 -0.0051644303 -0.9974915612 -0.0651689839 0.0149864843
0.0014959553 -0.0271535525 -0.0237531624 -0.0008327218 0.0123093219 0.9997863985
-0.0363600578 -0.0218422409 0.0027012461 -0.8163724758 -0.5770651130 -0.0000000000
-0.0074387249 0.0416931326 -0.0174964289 0.1941702501 -0.9688582406 0.1446437717
-0.0082507884 0.0478325644 0.0118381079 -0.1874376261 0.9819143407 -0.0000000000
0.0374170801 -0.0206730471 0.0323022289 0.8343134263 -0.5509416034 -0.0000000000
-0.0265915822 0.0397601638 0.0200691851 -0.5978535687 0.8012906887 -0.0000000000
0.0076389800 0.0410391610 -0.0206275237 -0.1837472036 -0.9070915431 0.3764811738
-0.0445396901 0.0029753289 0.0179258204 -0.9994182307 -0.0217333349 -0.0000000000
0.0114954410 -0.0393086064 0.0137309185 0.2659525978 -0.9637899304 -0.0056029807
0.0028082937 -0.0525145286 -0.0086230915 0.1513819688 0.0711052906 0.9832761882
-0.0429588862 0.0157982769 0.0062952966 -0.9640270956 0.2650653616 -0.0000000000
0.0087224173 0.0351977570 -0.0237091797 -0.0185137336 -0.0686608787 0.9964295255
-0.0279415962 0.0297961164 -0.0297361787 0.3950626167 -0.3649116287 -0.8389814370
0.0066064043 0.0108376703 -0.0273661051 -0.0006812457 -0.0007552645 -1.0000000000
-0.0319610355 0.0263334079 0.0073036807 0.8198402894 -0.5720156892 0.0020602644
-0.0071008566 -0.0707072530 0.0089793275 -0.9849869011 0.0627080597 0.0003138177
-0.0443177376 0.0086443211 0.0195603306 -0.9944266230 0.1050609796 -0.0000000000
-0.0352359559 0.0205209516 -0.0043716673 0.9050813521 -0.4241805013 0.0139055518
-0.0445293810 0.0025800216 -0.0169693328 -0.9991816220 -0.0305723976 -0.0000000000
0.0388188187 0.0097019606 0.0032898482 -0.9889260622 -0.1471241119 0.0047851221
0.0028985552 -0.0727386204 0.0168621736 0.1781430212 -0.9204795148 0.3388420644
-0.0383407525 -0.0065051984 0.0334347479 0.9544792613 0.2593403201 0.1458980839
-0.0387925516 -0.0180034990 0.0305986051 -0.8708054020 -0.4911388259 -0.0000000000
-0.0227247468 0.0423422873 -0.0273709549 -0.5113055552 0.8590797816 -0.0038559379
0.0371503722 -0.0210613336 0.0224065185 0.8283552799 -0.5596171580 -0.0000000000
0.0408845486 0.0222749262 -0.0022006955 0.9119060091 0.4100438429 -0.0000000000
-0.0004206010 0.0048926728 -0.0273660239 0.0000205993 -0.0000273482 -1.0000000000
-0.0203821454 -0.0296572133 0.0289733077 0.5192617271 0.8509523074 0.0729395669
-0.0017284515 0.0430257786 0.0038636763 0.0474861670 -0.9987312912 0.0043955692
-0.0364680806 0.0178190633 0.0081284790 0.9350061607 -0.3544305957 0.0015003362
0.0202501502 0.0346800723 -0.0290279649 -0.1977012021 -0.3020166862 -0.9319510525
-0.0265870499 0.0325367394 0.0185043177 0.6824999957 -0.7304405022 0.0023542377
0.0338314761 0.0332770378 -0.0215450774 0.7541267263 0.6562300709 -0.0000000000
0.0291065598 0.0377619138 0.0391083625 0.6098248006 0.7125220229 0.3236131965
-0.0349707957 -0.0237032848 0.0159413657 -0.7853455100 -0.6186698479 -0.0000000000
0.0265720949 0.0399699343 0.0010467916 0.5917254426 0.8059899003 -0.0000000000
-0.0277570071 -0.0003099733 -0.0236832968 -0.0387883235 -0.0058716214 0.9991709680
-0.0137392965 -0.0228857904 -0.0278065443 0.0392044581 0.0759504193 -0.9962497231
-0.0339221609 -0.0245267282 -0.0304517005 -0.7206401050 -0.6021874160 -0.3389442181
0.0344642916 0.0226729695 0.0029734811 -0.8776178480 -0.4785766661 0.0049998932
0.0058766404 -0.0347206324 -0.0006650794 -0.1469834934 0.9889019340 0.0088516192
-0.0278022156 0.0373238575 0.0399965892 -0.1309573329 0.1537164655 0.9679050277
-0.0361671189 0.0300177377 0.0257051094 -0.8120623003 0.5833410854 -0.0000000000
-0.0086342604 0.0420824417 0.0154259879 0.2238559565 -0.9742830868 0.0006337887
0.0093251246 -0.0341618257 0.0257226967 -0.2344332121 0.9712546113 0.0321679020
0.0398005426 -0.0166142822 0.0294662964 0.8876976235 -0.4599895460 -0.0000000000
0.0155901707 -0.0357710396 0.0399791919 -0.0798237776 0.2081136259 0.9700668646
-0.0359238184 0.0184583965 -0.0124554671 0.9261273294 -0.3728114550 0.0475878970
-0.0129278172 0.0466764071 -0.0240341513 -0.2921164189 0.9560875566 -0.0000000000
0.0042539963 0.0438348193 0.0349268757 -0.1012993126 -0.9790628513 0.1762438093
-0.0014495172 0.0432649282 0.0287001393 0.0400436074 -0.9965608051 0.0687712386
-0.0025252599 -0.0723053337 -0.0030984219 -0.1692108371 -0.9012984320 -0.3879758580
-0.0067614251 -0.0683020857 -0.0058279475 -0.8574755825 -0.3956910252 -0.2860457941
-0.0439448426 -0.0034228580 -0.0137555900 -0.9861180884 -0.1649697528 -0.0000000000
0.0118219716 -0.0333951653 0.0094321453 -0.2988017971 0.9541126328 0.0011828239
-0.0137711887 -0.0281237654 -0.0284880950 0.0952239567 0.2190178690 -0.9707344784
0.0308829094 -0.0155625368 -0.0225287022 -0.5190282952 0.3303480352 0.7721775415
-0.0351806713 0.0180348656 -0.0199768369 0.8776332419 -0.3500112227 0.3133607827
0.0443574051 -0.0023734272 0.0036440080 0.9896654138 -0.1414702439 -0.0000000000
0.0108915320 -0.0341951798 0.0317051337 -0.2697739716 0.9555116413 0.1157464579
-0.0344089099 0.0323040237 0.0355345947 -0.7727775168 0.6344617035 -0.0000000000
0.0063134267 -0.0299198943 -0.0283835188 -0.0392622607 0.2115962680 -0.9756076678
0.0374891726 0.0148734911 -0.0109091941 -0.9589562803 -0.2803799746 0.0334326701
-0.0281353426 0.0385638450 -0.0128131042 -0.6324417545 0.7744950055 -0.0000000000
0.0312310365 -0.0198258648 0.0230159859 -0.7941952174 0.6069352206 0.0134270813
0.0177406320 0.0450099171 -0.0166819914 0.3940665535 0.9187465404 -0.0000000000
0.0315549369 -0.0278198995 0.0113951233 0.7032031742 -0.7108814421 -0.0000000000
-0.0194452637 -0.0362162702 0.0351872797 -0.4379908362 -0.8986467424 -0.0000000000
0.0448151123 0.0040948157 -0.0114745844 0.9999117075 0.0032983698 -0.0000000000
0.0328456171 0.0253132922 -0.0029638352 -0.8370960540 -0.5467310307 0.0119859729
-0.0348408438 0.0317672672 -0.0063178302 -0.7824434918 0.6224570666 -0.0000000000
-0.0392425433 -0.0171744827 -0.0091521786 -0.8808858500 -0.4725504658 -0.0000000000
0.0117446492 -0.0393225602 0.0252399749 0.3120944245 -0.9499900168 -0.0003592177
-0.0356788907 -0.0116390044 -0.0052577949 0.9165761642 0.3990318166 0.0151137869
0.0160917117 0.0414131911 0.0377528318 -0.3736833335 -0.8770464176 0.3008868175
0.0145156470 0.0462476898 0.0305057653 0.3219160607 0.9465151838 -0.0000000000
0.0274316886 -0.0233916576 -0.0300475307 -0.4387675136 0.4394061048 -0.7829107757
0.0068268688 -0.0503769891 0.0283251524 0.8010538315 -0.0132032989 0.5655973319
-0.0060042240 -0.0328205257 -0.0216331392 0.1339820038 0.7988404783 0.5717766965
0.0029035622 -0.0402901854 0.0396374088 0.0487467674 -0.7240827180 0.6559315503
0.0097399799 -0.0397270956 0.0035994956 0.2190350062 -0.9754621867 0.0039830239
-0.0337900932 0.0294148675 0.0399205858 0.2500512437 -0.1867355483 0.9431839916
-0.0166731282 -0.0313069862 -0.0044454067 0.4300376262 0.9023117147 0.0140060956
0.0314233246 -0.0194499779 -0.0022945484 -0.8006684070 0.5985470215 0.0110734003
0.0398395535 0.0062275562 -0.0313698259 -0.7237639769 -0.0417715845 -0.6790822685
-0.0441526765 0.0098952294 0.0340806756 -0.9907585884 0.1331106695 -0.0000000000
-0.0199740334 -0.0279360887 -0.0208942060 0.4781407954 0.7564106836 0.4282721948
-0.0304206585 0.0278338201 -0.0142205609 0.7856757157 -0.6143074879 0.0659052904
0.0271338359 -0.0250623897 0.0317386896 -0.6763401340 0.7266793327 0.1163054640
0.0286680565 0.0383256413 -0.0045248988 0.6386632524 0.7691667606 -0.0000000000
0.0417167935 0.0202874040 0.0038753610 0.9305868699 0.3656405148 -0.0000000000
-0.0379736394 0.0272792211 0.0312093431 -0.8524590610 0.5220905041 -0.0000000000
0.0392325001 0.0119911760 -0.0315187347 -0.5990572938 -0.1221738090 -0.7815379711
0.0384776703 0.0113827052 -0.0032456653 -0.9813187977 -0.1902970272 0.0123702482
-0.0012836069 0.0486029141 -0.0269867242 -0.0316005733 0.9991557136 -0.0012287189
-0.0319591533 0.0350393451 0.0102306330 -0.7179181781 0.6957507279 -0.0000000000
0.0281872042 0.0387307554 0.0253462057 0.6279261736 0.7782302077 -0.0000000000
0.0420545803 -0.0114938171 0.0245219135 0.9381625438 -0.3455205892 -0.0000000000
-0.0266197631 0.0365249133 -0.0318660239 -0.0097548807 0.0120095470 -0.9997239275
0.0436247123 0.0141486706 0.0068909110 0.9732233975 0.2282058708 -0.0000000000
-0.0092925281 0.0476327049 0.0063535476 -0.2107579922 0.9774163258 -0.0000000000
-0.0111422852 -0.0331799212 -0.0302085577 0.1910490176 0.6340962596 -0.7444688703
0.0379102762 0.0141478643 0.0075415509 -0.9653614027 -0.2605182397 0.0018987822
-0.0388651728 0.0064493740 -0.0027206903 0.9976215694 -0.0639798543 0.0116544447
-0.0316344485 -0.0274867758 -0.0265283067 -0.7106622114 -0.7034299573 -0.0000000000
-0.0001442557 -0.0351664784 0.0016698765 0.0069415179 0.9998145404 0.0058848671
0.0408452598 0.0041454155 0.0376995317 -0.9544027971 -0.0046275681 0.2974766653
0.0360113287 0.0194432539 -0.0011230708 -0.9177522715 -0.3963411555 0.0094760905
0.0392743582 0.0045693322 0.0230840418 -0.9994770044 -0.0158693171 0.0138982890
-0.0424073764 -0.0097646997 -0.0250718280 -0.9517529108 -0.3067809463 -0.0000000000
-0.0073511049 0.0431538923 0.0338190492 0.1851690833 -0.9700839888 0.1537137021
0.0139972034 -0.0385655487 -0.0134367090 0.3311547052 -0.9435652184 -0.0017236562
0.0044495398 -0.0405670991 0.0009937792 0.0922633074 -0.9955819346 0.0101677695
0.0171521238 -0.0230915383 -0.0279869371 -0.0665242797 0.1063134853 -0.9915825274
-0.0443808646 0.0078566106 -0.0198375363 -0.9958403416 0.0874350303 -0.0000000000
-0.0436776223 0.0127608245 -0.0221470490 -0.9800962602 0.1972116832 -0.0000000000
-0.0088668559 -0.0398467464 -0.0222784824 -0.2024422583 -0.9790475136 -0.0118595394
-0.0195473528 0.0440621529 -0.0092576646 -0.4402820390 0.8975591449 -0.0000000000
-0.0063652791 0.0479068512 -0.0303117323 -0.1388551872 0.9415421466 -0.3036928154
-0.0256188758 0.0334137517 0.0098861670 0.6577821036 -0.7527929028 0.0010723205
0.0367989360 -0.0215310562 0.0383694920 0.8157395325 -0.5669262003 0.0944161128
-0.0097965976 -0.0338767289 0.0001709562 0.2538151472 0.9670986637 0.0077116847
0.0237706696 0.0418567658 -0.0274481990 0.5290114461 0.8482418732 -0.0043841029
-0.0174216769 -0.0310318120 0.0190292007 0.4484509237 0.8936815055 0.0026475897
-0.0361216843 -0.0221892767 0.0268769977 -0.8110473080 -0.5848189982 -0.0000000000
-0.0442732798 0.0089812431 0.0136678424 -0.9934386676 0.1126159358 -0.0000000000
0.0338676760 -0.0253400626 -0.0171459366 0.7549388424 -0.6552822053 -0.0000000000
0.0110881827 -0.0200258105 -0.0275879910 -0.0176075557 0.0394044266 -0.9990084610
0.0398596143 0.0244000617 0.0199324483 0.8890209146 0.4575493955 -0.0000000000
-0.0074010402 -0.0344506135 0.0158013030 0.1923094543 0.9810061957 0.0008435488
0.0032248259 0.0158370879 -0.0233060237 -0.0000000000 -0.0000000000 1.0000000000
-0.0081714445 0.0420478067 -0.0081684270 0.2127321106 -0.9766259909 0.0244902966
-0.0071125468 -0.0512685409 0.0269056324 -0.9897862932 -0.0004432073 0.0497519426
0.0259479514 -0.0325181150 -0.0220512698 0.5777444422 -0.8159132221 -0.0000000000
0.0352691817 0.0090957865 -0.0286443781 -0.2712525837 -0.0390028961 -0.9604711347
-0.0418934802 -0.0112317544 0.0101038427 -0.9402424030 -0.3396494378 -0.0000000000
-0.0033045552 -0.0350303456 0.0117716565 0.0876820237 0.9958234771 0.0006134151
0.0088097248 0.0419247637 -0.0095824059 -0.2227400080 -0.9741051342 0.0291037228
-0.0089467759 -0.0398438869 0.0089970446 -0.2053746342 -0.9785433328 -0.0031198227
-0.0097699129 -0.0287047630 -0.0235072636 0.0611690601 0.2059257945 0.9729937013
0.0296130865 -0.0296235890 0.0312045074 0.6597524267 -0.7511054693 -0.0000000000
0.0277568093 0.0213580929 -0.0280685176 -0.1215957702 -0.0770895559 -0.9892720214
-0.0038144834 -0.0469526936 0.0299984760 -0.2913958426 0.0094566465 0.9534052437
-0.0439574345 0.0112494515 -0.0151751808 -0.9864018473 0.1634504574 -0.0000000000
0.0104427869 0.0231876027 -0.0274574474 -0.0083677851 -0.0179588056 -0.9998123897
0.0215754412 0.0431394772 0.0351001403 0.4799629757 0.8769134012 -0.0000000000
0.0408693798 -0.0118042334 -0.0315578783 0.5482022388 -0.2120010772 -0.8084399638
-0.0250294081 -0.0177269987 -0.0281381495 0.1209905183 0.1043410736 -0.9870417387
-0.0214033243 0.0430950736 0.0010401374 -0.4817892529 0.8759186975 -0.0000000000
0.0391246544 0.0007717363 0.0157336004 -0.9963371314 0.0811100856 0.0008057104
-0.0231132582 -0.0292287789 0.0369032108 0.5553479473 0.7930465989 0.2465279142
-0.0011193097 -0.0558457424 -0.0151294743 -0.0743774203 -0.1552199120 -0.9830829865
-0.0147344587 -0.0381890469 0.0116423624 -0.3358448855 -0.9416036723 -0.0007784906
0.0054325667 -0.0351553791 0.0300615869 -0.1337044355 0.9864835421 0.0895458239
0.0071517879 0.0480830412 -0.0145028033 0.1571571037 0.9875588548 -0.0000000000
0.0447663284 0.0059654602 -0.0224726965 0.9987920449 0.0451259458 -0.0000000000
-0.0385901539 0.0100469328 0.0246736930 0.9874170700 -0.1556187106 0.0249047731
0.0020284997 -0.0035766948 -0.0233060237 -0.0000000000 -0.0000000000 1.0000000000
0.0305516941 0.0366669093 -0.0194606810 0.6807380870 0.7321050426 -0.0000000000
0.0016994885 -0.0645092358 0.0270382765 0.0935370549 -0.4973872763 0.8590234102
-0.0101280441 0.0181282318 -0.0233111620 -0.0035999850 0.0049473836 0.9999532798
0.0062721908 -0.0347072050 0.0192374288 -0.1569655667 0.9875926363 0.0030021449
0.0072836090 0.0420290434 -0.0148107981 -0.1841415392 -0.9797864216 0.0720305221
0.0445405809 0.0088798452 0.0011470362 0.9937359963 0.1103422450 -0.0000000000
0.0134553766 0.0402937490 -0.0155310493 -0.3430048970 -0.9355429612 0.0803761102
0.0040283721 0.0019842084 -0.0273660239 -0.0001242268 0.0000546046 -1.0000000000
-0.0327113017 0.0342470464 -0.0158236250 -0.7347259516 0.6779625056 -0.0000000000
-0.0122210105 0.0468858668 -0.0010838487 -0.2763361049 0.9607492102 -0.0000000000
0.0030610450 0.0430087986 0.0241237486 -0.0748887790 -0.9965703079 0.0210970479
-0.0226087564 0.0358214893 0.0226429443 0.5805112139 -0.8139375897 0.0119924223
0.0363676532 -0.0127905642 0.0338409314 -0.8965660150 0.4141440850 0.1541587261
0.0432971530 0.0155135083 0.0003988983 0.9659042702 0.2586822485 -0.0000000000
0.0200739958 -0.0360373833 -0.0022828734 0.4464027802 -0.8946537265 -0.0000000000
-0.0184666011 0.0272473915 -0.0237390113 -0.0110929060 0.0140023062 0.9997190024
-0.0116140794 0.0328144458 -0.0237535595 0.0048083359 -0.0122593291 0.9997882898
0.0446767379 0.0005728221 -0.0011817081 0.9967802466 -0.0754685059 -0.0000000000
-0.0282567918 -0.0229833232 0.0136855943 0.7251574643 0.6880891520 0.0001475858
0.0386263832 -0.0187340396 0.0027650092 0.8613942706 -0.5075137208 -0.0000000000
-0.0412389708 -0.0099032960 0.0399825075 -0.2400321766 -0.0809205825 0.9594390364
-0.0023078299 -0.0517995842 0.0235021446 -0.1330454317 0.0480834644 -0.9880236972
-0.0272817360 0.0317869371 -0.0035380211 0.7013505805 -0.7124661913 0.0127688753
0.0364893936 -0.0220236187 -0.0229296093 0.8135892845 -0.5811176699 -0.0000000000
0.0142261437 -0.0304611790 -0.0292333312 -0.1545065472 0.3802376086 -0.9093286677
0.0183038728 -0.0306173656 -0.0048158462 -0.4653100666 0.8847474063 0.0145111898
-0.0102394395 -0.0395467237 0.0021233068 -0.2379985407 -0.9707941483 0.0046545375
-0.0299157193 -0.0203926977 -0.0300710577 0.4872028493 0.3946812559 -0.7772941803
0.0101369320 0.0464427229 -0.0315633840 0.1332050725 0.5646458214 -0.8124182907
-0.0069156615 -0.0716768108 0.0036770837 -0.9101487897 -0.3999760858 -0.0526644406
-0.0114950482 -0.0336043180 0.0280218629 0.2949615593 0.9532761376 0.0597545143
-0.0289625293 -0.0299624795 0.0319127560 -0.6509011506 -0.7586859214 -0.0000000000
0.0272503983 0.0064245786 -0.0276216629 -0.0491989074 -0.0049062604 -0.9987454385
0.0417548472 -0.0123008730 0.0158044788 0.9314414827 -0.3635868930 -0.0000000000
-0.0390008706 0.0255143216 0.0107437672 -0.8754720399 0.4825335392 -0.0000000000
0.0033816406 -0.0470459770 -0.0087649561 0.1950058246 -0.0329145099 0.9787372180
-0.0029644724 0.0485192831 0.0250380740 -0.0692031553 0.9972776770 -0.0000000000
-0.0121400220 0.0031788725 -0.0233060237 -0.0000000000 -0.0000000000 1.0000000000
-0.0150660854 0.0454352968 -0.0309173365 -0.3010115213 0.8202527637 -0.4801725704
0.0338969965 -0.0253057460 0.0312899642 0.7555966246 -0.6545144714 -0.0000000000
0.0444106015 -0.0019702811 0.0187764742 0.9908475578 -0.1324303145 -0.0000000000
0.0310933248 0.0088166837 -0.0237554252 -0.0169354561 -0.0027301210 0.9997971753
0.0281110669 -0.0234102081 0.0198852413 -0.7148839469 0.6989619551 0.0047123159
0.0352589629 -0.0236586498 0.0041101462 0.7861102708 -0.6176718126 -0.0000000000
0.0372938139 -0.0208525041 0.0100783255 0.8315597097 -0.5549512428 -0.0000000000
-0.0389072823 0.0012384319 0.0142142323 0.9972737262 0.0691857061 0.0000189217
-0.0283940987 0.0308305845 0.0252236646 0.7271197571 -0.6853846107 0.0287126858
-0.0409568013 -0.0136135576 -0.0210266140 -0.9192375150 -0.3929128475 -0.0000000000
-0.0290572154 -0.0290205935 0.0398108552 -0.3552938769 -0.3985603794 0.8210952267
0.0282158796 0.0177750229 -0.0237550876 -0.0147260739 -0.0071893870 0.9997955672
-0.0048327043 -0.0354865104 0.0326529215 0.1235960316 0.9831419045 0.1315356254
0.0065015351 -0.0466641197 -0.0139015216 0.6981209839 0.0147902233 -0.7090042144
0.0193456098 -0.0158582876 -0.0276350569 -0.0367026188 0.0372056472 -0.9986497701
-0.0382996490 -0.0034256962 0.0184000159 0.9817446616 0.1883858516 0.0022959444
-0.0240704545 0.0415173265 0.0116328298 -0.5413900390 0.8406648437 -0.0000000000
-0.0337186776 0.0331118683 0.0014066194 -0.7572927058 0.6525348814 -0.0000000000
-0.0221823326 0.0008085241 -0.0234026589 -0.0369295748 -0.0052705752 0.9993071953
0.0116860555 -0.0392994832 0.0194512741 0.2900415172 -0.9568599225 -0.0102561464
-0.0443280872 -0.0006348393 -0.0011401459 -0.9946578971 -0.1024894789 -0.0000000000
-0.0071959443 -0.0406862793 0.0288937428 -0.4125482424 -0.8821632259 0.1808012949
-0.0397857285 -0.0161503935 -0.0259324495 -0.8930486619 -0.4496023201 -0.0000000000
-0.0377019930 -0.0063826658 0.0257983728 0.9640627679 0.2631957109 0.0326918708
0.0154969494 0.0459001177 0.0240975279 0.3438562856 0.9387270814 -0.0000000000
0.0092495547 -0.0152099292 -0.0233616573 0.0114331176 -0.0239039298 0.9996131910
0.0250251095 -0.0043239048 -0.0275833330 -0.0401659579 0.0130995757 -0.9990524620
-0.0224028581 0.0326019074 -0.0225021197 0.3858261445 -0.4885482984 0.7657924331
-0.0402112029 0.0113071927 -0.0318459306 0.0858047070 -0.0149363770 -0.9954660441
0.0169923815 -0.0313438463 0.0039133062 -0.4310662137 0.9019272703 0.0043618771
-0.0060060983 -0.0647732597 0.0197358061 -0.6209031994 0.5626443118 -0.5289108556
0.0032476549 0.0285508143 -0.0235092126 0.0063859997 0.0503300307 0.9987016860
-0.0384426529 0.0105477796 0.0189210390 0.9854251647 -0.1686797885 0.0025871392
0.0060791565 -0.0407128313 0.0211786924 0.1612096714 -0.9792289165 -0.1140811391
-0.0291729251 -0.0297827148 0.0004507843 -0.6555963167 -0.7546648648 -0.0000000000
-0.0437545164 0.0123454900 -0.0277708584 -0.9817902459 0.1879338934 -0.0065903220
-0.0253569912 -0.0327496217 0.0286232778 -0.5701964489 -0.8211024623 -0.0000000000
0.0042591890 0.0428678676 0.0181636345 -0.1055530250 -0.9943620133 0.0021638331
0.0306999714 0.0274594479 -0.0168123485 -0.7855237193 -0.6039846370 0.1222744298
0.0388623283 0.0262373545 0.0259160354 0.8666803008 0.4987455182 -0.0000000000
-0.0296340785 0.0372833068 -0.0269748124 -0.6658873582 0.7458513620 -0.0011472711
-0.0418088144 0.0029180048 0.0397225994 0.5236003266 0.0126539469 0.8504993201
-0.0101693342 -0.0102134010 -0.0233112036 -0.0036139800 -0.0049667105 0.9999529015
0.0387503075 -0.0024487390 0.0220510667 -0.9863329226 0.1634057976 0.0104299147
-0.0408674339 0.0217238033 -0.0272430141 -0.9172141588 0.3977303101 -0.0029811295
-0.0148907155 -0.0321694650 0.0041071581 0.3837643383 0.9230249405 0.0042302775
0.0432831505 -0.0076663029 0.0040655659 0.9655926194 -0.2597447037 -0.0000000000
-0.0409140697 0.0216112735 0.0175354010 -0.9182789160 0.3952163468 -0.0000000000
0.0168908343 0.0201539591 -0.0274906724 -0.0191300554 -0.0167642828 -0.9996665092
0.0096609473 -0.0339747356 -0.0304899755 -0.1791087215 0.7125094972 -0.6772861712
-0.0037707487 0.0026729669 -0.0233060237 -0.0000000000 -0.0000000000 1.0000000000
-0.0116674221 -0.0392680087 0.0259837897 -0.3132659731 -0.9496084058 0.0010763900
0.0298383690 -0.0063609290 -0.0237534744 -0.0201130393 0.0069270482 0.9996165881
-0.0387331262 0.0085380731 0.0087029205 0.9928275254 -0.1172893784 0.0013603084
-0.0279093667 -0.0308544978 -0.0231970011 -0.6273901222 -0.7786412663 -0.0000000000
0.0430639012 -0.0021254113 0.0400189144 0.1191213539 -0.0187530667 0.9813271014
-0.0316543699 0.0260787019 -0.0301416051 0.5298312228 -0.3678732535 -0.7604524340
-0.0229313665 -0.0276627192 0.0041369882 0.5893196456 0.8078347301 0.0042100269
-0.0220750238 0.0427304738 -0.0143194177 -0.4967848843 0.8677511478 -0.0000000000
-0.0150630282 -0.0371886642 0.0399049031 -0.1360199175 -0.3767840133 0.8989343060
-0.0172868071 0.0450926710 -0.0040377524 -0.3895913732 0.9206050351 -0.0000000000
0.0153638184 0.0459461850 -0.0280440275 0.3408626485 0.9396809588 -0.0106817671
0.0190312095 0.0009400717 -0.0233237580 0.0129099084 -0.0019622180 0.9998591744
0.0087385204 -0.0396601660 0.0393939514 0.1737981415 -0.8510993659 0.4707192428
0.0182937941 -0.0307106598 0.0162613133 -0.4642391360 0.8854775783 0.0011006441
-0.0440578907 -0.0027189523 0.0277340299 -0.9886522318 -0.1492181099 -0.0000000000
0.0440233785 0.0122647893 0.0312665797 0.9821657646 0.1861311915 -0.0000000000
0.0279021826 0.0315161981 0.0075318364 -0.7096631304 -0.7044838438 0.0019053771
-0.0043853872 0.0484078261 -0.0121538115 -0.1009346854 0.9947805551 -0.0000000000
0.0214964854 -0.0352877275 0.0281281034 0.4782002960 -0.8778734658 -0.0000000000
0.0070719609 0.0207908374 -0.0233146714 0.0033847058 0.0079800281 0.9999213706
-0.0004903773 -0.0231583450 -0.0276168465 0.0006283345 0.0485982042 -0.9987798404
-0.0370727238 0.0161512660 0.0215107516 0.9500842268 -0.3116893785 0.0090035278
0.0048940247 -0.0617485358 0.0213952462 0.3528614296 0.4944069219 -0.7897978305
-0.0351807857 -0.0234295899 0.0088435363 -0.7900349009 -0.6125500554 -0.0000000000
-0.0405995102 0.0223382430 -0.0003403055 -0.9112314686 0.4114588775 -0.0000000000
0.0398750473 0.0110888976 0.0364050652 -0.9597857655 -0.1724282591 0.2195732912
-0.0323168593 0.0260048309 0.0264390647 0.8260107675 -0.5615907326 0.0399078967
0.0063732471 -0.0608343118 0.0271063254 0.6557959221 -0.2689647060 0.6996926151
-0.0385367898 -0.0184659815 0.0194240537 -0.8650758708 -0.5015076068 -0.0000000000
0.0034915227 -0.0663855428 0.0153055070 0.1978067836 0.8968811275 -0.3865896383
0.0381846856 -0.0132759056 0.0395690653 -0.5574518850 0.2533335434 0.7769306753
0.0095588296 -0.0398111626 0.0328613212 0.2283187663 -0.9726448194 0.0354727036
-0.0373406068 0.0283093166 -0.0031140896 -0.8382775436 0.5451695205 -0.0000000000
0.0378226262 0.0153895646 0.0292663856 -0.9535954198 -0.2893638955 0.0774116975
0.0192842354 0.0276731578 -0.0278260178 -0.0560465420 -0.0694375819 -0.9959715318
0.0218566048 -0.0293721288 0.0328451929 -0.5411331317 0.8298981058 0.1347386683
-0.0347279701 -0.0130669434 -0.0140516955 0.8963016463 0.4375146620 0.0641528778
0.0326561282 -0.0172189587 -0.0137839828 -0.8363208455 0.5442948495 0.0613746689
-0.0295539943 0.0208964790 -0.0234979466 0.1914146451 -0.1098482589 0.9718256527
-0.0326103464 0.0171834256 -0.0285820538 0.2411259921 -0.0972738774 -0.9648813710
0.0175733970 0.0393607674 0.0302264473 -0.4399810400 -0.8928267167 0.0920614584
-0.0322247139 0.0096261999 -0.0280904776 0.1466955185 -0.0258641132 -0.9886500751
-0.0037125178 0.0295780323 -0.0235687660 -0.0075492221 0.0506430528 0.9986684712
-0.0364497650 0.0178707257 0.0134722638 0.9345382159 -0.3557515590 0.0001995079
0.0293179824 -0.0221209332 0.0112859158 -0.7457650174 0.6659894830 0.0007316386
-0.0066285848 -0.0446828250 0.0252882583 -0.8180712874 -0.0298945285 -0.5401406914
0.0429191330 0.0166965711 -0.0290035079 0.9554619304 0.2846891120 -0.0652375630
-0.0036707885 0.0484638794 -0.0021177847 -0.0849764378 0.9960363940 -0.0000000000
0.0156384445 -0.0379568812 0.0094499580 0.3489962496 -0.9369035977 -0.0003650429
0.0102269130 0.0287475582 -0.0276037267 -0.0180709127 -0.0425639093 -0.9988735498
0.0218243452 -0.0244095248 -0.0229932481 -0.2829701637 0.3675237411 0.8781946259
0.0176527977 -0.0310426882 0.0107001881 -0.4478664201 0.8939589600 0.0008741976
0.0448008102 0.0032513704 0.0074811891 0.9995834536 -0.0155610518 -0.0000000000
0.0437393353 -0.0057764649 -0.0178023050 0.9757845847 -0.2175412511 -0.0000000000
-0.0221204399 0.0370556541 0.0336507248 0.5511546091 -0.8202066785 0.1502904521
0.0160589582 -0.0378074276 0.0285948881 0.3615578739 -0.9323249111 0.0006583022
0.0401228714 -0.0159762148 0.0070035104 0.8949042601 -0.4457096920 -0.0000000000
0.0320269218 0.0271469937 0.0297136908 -0.8057564003 -0.5859703833 0.0842372119
0.0436000973 -0.0063566265 -0.0076028356 0.9726733895 -0.2304960691 -0.0000000000
-0.0270301477 0.0278196339 -0.0227549401 0.4160974624 -0.3643618878 0.8265197832
-0.0280964895 0.0310227765 0.0025751291 0.7213281108 -0.6920547799 0.0052703211
-0.0435955067 -0.0053097558 -0.0209937475 -0.9782457775 -0.2071194937 -0.0000000000
0.0019276783 -0.0474785477 0.0233904750 0.0970410835 -0.0488086673 -0.9936190282
0.0342252684 -0.0150709435 -0.0054917525 -0.8729712364 0.4868616209 0.0157570396
0.0084364662 0.0478451988 -0.0255425495 0.1859102276 0.9821990591 -0.0000000000
-0.0341048736 -0.0023262022 -0.0233679962 0.2909222691 0.0537498416 0.9530070161
0.0389115057 -0.0005692955 -0.0054311098 -0.9929348243 0.1156306938 0.0155591789
-0.0254230390 -0.0029946400 -0.0275916123 0.0423520461 0.0124111442 -0.9989600789
-0.0270383923 0.0145827069 -0.0237239300 -0.0271088177 0.0105593724 0.9995865502
0.0159011858 -0.0350898809 -0.0318660239 0.0051121251 -0.0116689704 -0.9997725966
-0.0265625265 -0.0244791811 -0.0078254071 0.6840069682 0.7286066552 0.0233711164
-0.0095625292 0.0386649996 -0.0228526068 0.1415152982 -0.5069479546 0.8499792803
0.0340598607 0.0167415620 -0.0226662779 -0.5402784281 -0.2040785217 0.8052231721
-0.0335887639 -0.0253693116 -0.0146500066 -0.7543781953 -0.6559365675 -0.0000000000
-0.0427944408 0.0163531860 0.0204793565 -0.9603672633 0.2775320164 -0.0000000000
-0.0078996892 -0.0195604771 -0.0275266341 0.0108421141 0.0306363012 -0.9994241935
-0.0444440195 0.0070514777 0.0288932160 -0.9972552857 0.0694204831 -0.0000000000
0.0447783066 0.0055061529 0.0289464952 0.9990669604 0.0348558429 -0.0000000000
-0.0333913442 0.0237656503 -0.0105451752 0.8601091175 -0.5085863188 0.0322449757
-0.0218204193 -0.0349740666 -0.0021539792 -0.4911008607 -0.8708470192 -0.0000000000
-0.0124138894 0.0414371925 0.0308312740 0.3155287775 -0.9433112997 0.1012906237
0.0172414644 -0.0315358416 0.0292783742 -0.4330547411 0.8974693360 0.0775946337
-0.0018801253 -0.0471661084 -0.0085782597 -0.1067453927 -0.0336860933 0.9929904535
-0.0071053081 -0.0404524454 -0.0067599673 -0.2047576769 -0.9743349225 0.0755795183
0.0351001683 0.0149458225 -0.0289970432 -0.3371946586 -0.1060333563 -0.9353572623
0.0227923785 0.0368844960 0.0342543301 -0.5591349131 -0.8123676285 0.1625661045
0.0011816308 -0.0351928614 0.0232621956 -0.0269597077 0.9991333683 0.0151317970
-0.0265454111 0.0397955882 0.0072256668 -0.5968186988 0.8020842547 -0.0000000000
-0.0035193110 -0.0406032096 0.0099884734 -0.0793825862 -0.9965088870 -0.0048252364
0.0386168192 -0.0033048179 -0.0305694448 -0.7359733771 0.1384600178 -0.6613908934
0.0316987428 -0.0198037394 0.0306006198 -0.7950429744 0.5980531534 0.0977710278
0.0303986731 -0.0244749920 0.0393557148 -0.5331609100 0.4991995143 0.6745938810
0.0149366972 -0.0382044208 -0.0235165341 0.3320749391 -0.9428581982 -0.0007014307
0.0295965799 0.0375322995 -0.0134223793 0.6593840673 0.7514209414 -0.0000000000
0.0032657340 -0.0742245810 0.0081247962 0.2063015605 -0.9753629796 0.0223409202
-0.0086080213 -0.0365208496 0.0391884102 0.1656777997 0.7681014261 0.6114370301
0.0187669718 0.0379441657 -0.0143229652 -0.4794167532 -0.8744077461 0.0669679992
0.0381358889 -0.0195266217 -0.0282371989 0.8502625376 -0.5251887773 -0.0184132939
0.0153379946 0.0035373032 -0.0273829368 -0.0064300276 0.0018518570 -1.0000000000
-0.0352399247 0.0005508675 -0.0286477317 0.2735484098 0.0264875106 -0.9602338248
0.0107224676 0.0403594589 -0.0295880770 -0.1398404361 -0.4781575896 -0.8648777524
-0.0050406635 0.0188458392 -0.0273860219 0.0035944826 -0.0064981627 -1.0000000000
0.0368886253 -0.0095463396 0.0234341544 -0.9383401086 0.3444590729 0.0163224110
-0.0007040616 0.0140658798 -0.0273670147 0.0000808387 -0.0014097477 -1.0000000000
0.0349376949 -0.0141092762 0.0259559276 -0.8870263881 0.4600757474 0.0338498665
0.0378578433 -0.0064130417 0.0058597900 -0.9641397714 0.2646422599 0.0030404739
0.0254313154 -0.0256651929 -0.0097401142 -0.6491344673 0.7595679165 0.0296182819
0.0137510756 0.0465076860 0.0150043711 0.3048275565 0.9523325667 -0.0000000000
-0.0028631159 0.0395598523 -0.0229799336 0.0408914556 -0.4680043239 0.8755366130
-0.0041254370 -0.0133372982 -0.0274038286 0.0009663413 0.0100899095 -0.9999826537
-0.0096282463 -0.0398500062 -0.0154906709 -0.2709912312 -0.9616659678 -0.0318977871
0.0120554871 0.0085026443 -0.0233060237 -0.0000000000 -0.0000000000 1.0000000000
-0.0086952430 -0.0339901290 -0.0098832710 0.2263501524 0.9732109449 0.0300853636
-0.0412090623 0.0208994724 0.0259450395 -0.9248964979 0.3793143950 -0.0000000000
0.0192806322 0.0380693825 0.0166197703 -0.4893895158 -0.8717791236 0.0013009822
0.0365895548 -0.0101655127 -0.0006171053 -0.9324084232 0.3609648283 0.0087862066
0.0377898065 -0.0200986956 -0.0142985204 0.8426516255 -0.5380902252 -0.0000000000
0.0210766932 -0.0355155915 -0.0271956429 0.4687952521 -0.8829447401 -0.0026572232
-0.0017761236 -0.0743859645 0.0058046034 -0.1130709603 -0.9904843606 -0.0526968243
-0.0146157141 0.0401909024 0.0128522633 0.3765982758 -0.9260009299 0.0003504085
0.0021930010 -0.0549363621 0.0300391378 0.1281133806 -0.1300609562 0.9812303729
-0.0135064000 0.0465049460 0.0356575920 -0.3050339796 0.9522715873 -0.0000000000
0.0005853489 -0.0351145795 -0.0035994744 -0.0117512429 0.9996118194 0.0128526668
-0.0064345439 0.0425241312 0.0099736835 0.1676074375 -0.9856108351 0.0010510201
0.0192919794 0.0339067730 -0.0230543540 -0.2347541400 -0.3679882050 0.8903934330
-0.0445418777 0.0048353931 -0.0103748474 -0.9994684396 0.0198576657 -0.0000000000
0.0399472481 0.0242386146 -0.0135918386 0.8909840352 0.4539293984 -0.0000000000
-0.0168788003 -0.0313540884 0.0247474045 0.4337036270 0.9002943820 0.0254151395
0.0060715171 -0.0556559622 0.0241771292 0.5751555964 0.1407742619 -0.7911838230
-0.0158605141 0.0456814074 0.0101976168 -0.3576622068 0.9338264055 -0.0000000000
0.0345425735 -0.0146708231 0.0195620762 -0.8792291963 0.4756053376 0.0038591870
-0.0147702922 -0.0096504796 -0.0274327473 0.0109932558 0.0096820641 -0.9999183787
-0.0441471418 -0.0020425665 0.0154836898 -0.9906355957 -0.1340512022 -0.0000000000
0.0391269090 0.0008524095 0.0068277732 -0.9964982609 0.0790586447 0.0023833422
-0.0303842994 -0.0118842663 -0.0234636427 0.2147989879 0.1117171524 0.9675250483
0.0203333968 0.0438081854 0.0077590058 0.4522245646 0.8918902182 -0.0000000000
-0.0375540652 -0.0200690395 0.0124027418 -0.8430589314 -0.5374257518 -0.0000000000
0.0305755851 -0.0203424840 -0.0101324757 -0.7812178173 0.6231505159 0.0308984502
0.0039377366 0.0484628576 0.0256505510 0.0852673468 0.9960135008 -0.0000000000
-0.0383397504 0.0125955675 0.0296163152 0.9719168172 -0.2184599807 0.0827513381
-0.0433184829 -0.0064720145 0.0034970774 -0.9720546057 -0.2330726452 -0.0000000000
-0.0368879317 -0.0072991302 -0.0157670018 0.9524041516 0.2892874947 0.0880917286
-0.0026058373 -0.0456320979 -0.0153844934 -0.1897658852 0.0030818671 -0.9789582479
0.0070306994 -0.0053192703 -0.0273708945 -0.0013941456 0.0018251124 -1.0000000000
0.0209089546 -0.0287940334 -0.0142404913 -0.5344917329 0.8421040012 0.0661121201
-0.0022238203 -0.0406977101 0.0043425884 -0.0509753143 -0.9986953163 0.0028702396
-0.0218807797 -0.0342782474 0.0397725533 -0.2938531782 -0.5097989555 0.7893898542
-0.0155560656 0.0457892415 0.0222803412 -0.3508552645 0.9362426599 -0.0000000000
0.0005870356 0.0198052057 -0.0273891588 0.0011822053 -0.0071404491 -1.0000000000
-0.0146524960 -0.0382195881 0.0331612382 -0.3348828149 -0.9419488951 0.0026711147
0.0207904434 -0.0063162075 -0.0234211728 0.0372617395 -0.0185014695 0.9991775631
-0.0139339173 0.0393844884 -0.0297152834 0.1957599005 -0.4949931948 -0.8426350923
0.0032235524 -0.0409270658 -0.0065299593 0.0786786755 -0.9788748700 0.1701410731
0.0425465578 0.0179994211 0.0178526903 0.9491863603 0.3144018992 -0.0000000000
0.0351903437 -0.0237480859 0.0155135165 0.7845779032 -0.6196715972 -0.0000000000
-0.0310428031 0.0359596338 -0.0210253460 -0.6974211605 0.7163439247 -0.0000000000
0.0013380732 -0.0506338047 -0.0155589457 0.0731304970 -0.0359866180 -0.9948893474
0.0212598872 0.0433107605 -0.0226209623 0.4729182619 0.8807503887 -0.0000000000
0.0159854028 0.0396614280 -0.0031709889 -0.4057875529 -0.9138111382 0.0122684270
0.0160946688 0.0397143658 0.0234032999 -0.4075775278 -0.9129859694 0.0161087797
-0.0055247715 0.0153939044 -0.0233060237 -0.0000000000 -0.0000000000 1.0000000000
-0.0030176019 -0.0418326094 0.0226257997 -0.2117440020 -0.6297221466 -0.7269716021
-0.0158253098 -0.0135328988 -0.0234512422 -0.0301448582 -0.0330227870 0.9990150306
-0.0242063691 0.0226909871 -0.0237487678 0.0025485890 -0.0014927918 0.9997654687
-0.0258371640 -0.0258038815 -0.0309858878 0.5276401950 0.6046893888 -0.5960243126
-0.0247522594 -0.0331650026 0.0128908525 -0.5566534597 -0.8304132580 -0.0000000000
-0.0196748935 -0.0282771012 -0.0295243123 0.2517846825 0.4099588468 -0.8760273374
0.0440405414 0.0121720859 0.0247300097 0.9825525315 0.1840603732 -0.0000000000
0.0060114639 0.0068338934 -0.0233060237 -0.0000000000 -0.0000000000 1.0000000000
0.0383061383 0.0271510423 0.0321984038 0.8542195119 0.5192185277 -0.0000000000
-0.0360714948 0.0222169171 -0.0317824824 0.2000729305 -0.1007221195 -0.9712487945
0.0314961826 -0.0194443706 0.0173136196 -0.8014572945 0.5976434974 0.0016887680
-0.0002446120 -0.0634933173 0.0191310956 -0.0187668977 0.7019333397 -0.7062316411
0.0422830092 0.0187434995 -0.0066829109 0.9432809852 0.3310719460 -0.0000000000
-0.0412402496 0.0208242192 -0.0193974924 -0.9255961237 0.3776332044 -0.0000000000
-0.0384239117 0.0265447197 -0.0096760145 -0.8625469511 0.5056332530 -0.0000000000
0.0369877991 0.0170694018 0.0144199441 -0.9417965744 -0.3352622297 0.0000715205
0.0250081347 0.0410582675 0.0309345778 0.5566972184 0.8303831740 -0.0000000000
0.0106144466 -0.0337392903 0.0036540702 -0.2680987019 0.9631826167 0.0045378639
0.0238809243 -0.0272551442 0.0260882952 -0.6051670743 0.7949035130 0.0355096169
0.0231800475 0.0422188356 -0.0032478524 0.5158075663 0.8563240669 -0.0000000000
0.0044620278 -0.0405524109 0.0344190843 0.0937167669 -0.9951604830 0.0234700323
0.0067161455 -0.0113145051 -0.0273937110 -0.0036113717 0.0070072368 -1.0000000000
-0.0360827808 0.0301405214 0.0060686609 -0.8101782200 0.5860844622 -0.0000000000
-0.0179588797 -0.0369198465 0.0203141100 -0.4047604731 -0.9143099172 -0.0000000000
0.0073353572 -0.0616133093 -0.0099920632 0.9767876543 -0.0443872720 -0.1017654031
0.0017283819 0.0485978552 -0.0033750988 0.0358762161 0.9990414793 -0.0000000000
-0.0193920947 0.0380586673 0.0277126636 0.4957600554 -0.8663815753 0.0558774823
0.0275924002 0.0275481531 -0.0227049439 -0.4306102601 -0.3685113052 0.8145107301
0.0295758917 0.0375499758 0.0332049926 0.6589223911 0.7518163323 -0.0000000000
0.0375195928 -0.0072913719 -0.0052868332 -0.9572177976 0.2876738762 0.0151533806
-0.0341032002 0.0229019408 0.0123365398 0.8745419493 -0.4842486276 0.0004759294
-0.0359711804 -0.0111168767 0.0044055742 0.9224944480 0.3849784000 0.0040276927
-0.0208727013 0.0164770655 -0.0234914814 -0.0420540952 0.0250155836 0.9987975278
0.0383324620 -0.0063272622 0.0310559231 -0.9603424828 0.2581884533 0.1049312795
-0.0318009439 -0.0273113927 0.0193102374 -0.7143827772 -0.6994923595 -0.0000000000
-0.0442738951 -0.0010819726 0.0213781640 -0.9934523422 -0.1125113659 -0.0000000000
-0.0431208246 -0.0072955954 0.0313820475 -0.9676380416 -0.2514629354 -0.0000000000
-0.0005697543 -0.0390232976 -0.0318147965 -0.0045209929 -0.1844854818 -0.9792947631
-0.0165705834 0.0439793410 0.0400171325 -0.0457489508 0.1185635575 0.9802558239
0.0084612734 0.0478406061 -0.0084654406 0.1864654519 0.9820955612 -0.0000000000
-0.0403888016 -0.0148855585 0.0144501844 -0.9065234814 -0.4213351766 -0.0000000000
0.0003986054 -0.0432509645 0.0305629586 0.0196018816 -0.0920780697 0.9943433720
-0.0282182931 0.0324156140 0.0353015205 0.6929502672 -0.6960114836 0.1869352375
-0.0335971919 -0.0158928687 0.0062617390 0.8617193883 0.5069833281 0.0027676040
-0.0020905100 -0.0011598633 -0.0273660239 0.0000693702 0.0001418408 -1.0000000000
-0.0174141501 0.0389300094 0.0174672982 0.4482579706 -0.8937730972 0.0017746574
-0.0348710474 -0.0155831866 0.0348449311 0.8595389438 0.4796735475 0.1745772840
0.0381229061 -0.0040557484 -0.0133362684 -0.9766840643 0.2057370516 0.0567284792
0.0384870929 -0.0036478563 0.0008750257 -0.9806536965 0.1941887214 0.0067516860
-0.0130632325 0.0466362772 0.0160688980 -0.2951397302 0.9551944419 -0.0000000000
0.0173924998 -0.0285197329 -0.0222251990 -0.3290384808 0.6161151717 0.6992762173
-0.0117717874 -0.0194422585 -0.0235863839 -0.0228927658 -0.0450509401 0.9986980773
0.0020393467 0.0455246526 0.0394347034 -0.0311100987 -0.6860110642 0.7124819534
-0.0366208506 0.0173328905 0.0020752865 0.9392617653 -0.3421654041 0.0056096477
0.0394361397 0.0237902238 -0.0311736112 0.7204262662 0.3636913587 -0.5856861727
-0.0376779764 0.0168503239 0.0340117283 0.9341463995 -0.3187317588 0.1576322594
0.0326438854 0.0257118936 0.0077562613 -0.8307452896 -0.5561371059 0.0017530224
-0.0307239813 -0.0201201700 0.0095165081 0.7882405400 0.6148917490 0.0011622910
0.0020817197 0.0485884892 0.0022346695 0.0437919483 0.9988299912 -0.0000000000
0.0324948600 -0.0268479107 -0.0265733946 0.7242150538 -0.6890865362 -0.0000000000
-0.0415676805 0.0200341460 0.0106568390 -0.9329413977 0.3599826193 -0.0000000000
-0.0416330587 -0.0119670039 -0.0142689958 -0.9344070986 -0.3561216848 -0.0000000000
-0.0169050604 0.0359875717 -0.0226431069 0.2757251059 -0.5145413754 0.7996574997
-0.0109939370 0.0271193019 -0.0275621190 0.0158031592 -0.0351565679 -0.9991772187
-0.0139935730 0.0463426680 -0.0095239063 -0.3159206304 0.9486433765 -0.0000000000
0.0303952823 0.0287545079 0.0138364697 -0.7733652670 -0.6337757078 0.0001108646
0.0122439460 -0.0332689112 0.0151551910 -0.3095610060 0.9509008468 0.0004824430
0.0246012997 -0.0334431090 0.0028828590 0.5475861362 -0.8366470367 -0.0000000000
0.0296511918 0.0295099969 -0.0045408599 -0.7557182465 -0.6542921038 0.0141362460
-0.0331540307 -0.0163911129 -0.0072601634 0.8526945698 0.5211607540 0.0215268806
-0.0169245020 0.0452426542 -0.0147400461 -0.3814805632 0.9239733680 -0.0000000000
0.0439916252 -0.0045416943 -0.0256612843 0.9814502007 -0.1899624467 -0.0000000000
0.0358874112 0.0307341557 -0.0084975403 0.8001444577 0.5993567878 -0.0000000000
0.0342880421 -0.0137709914 -0.0176481710 -0.8766536693 0.4546076286 0.1496057170
0.0284788324 -0.0305927096 0.0158598513 0.6344405519 -0.7727831858 -0.0000000000
-0.0436816590 -0.0048444137 0.0094723151 -0.9801872273 -0.1967246293 -0.0000000000
-0.0412417301 -0.0129260397 0.0214239152 -0.9256293370 -0.3775533934 -0.0000000000
-0.0058925965 0.0482174887 -0.0184761671 -0.1346587811 0.9905485441 -0.0000000000
0.0108755046 -0.0393774430 -0.0292098310 0.2395683565 -0.9657201432 -0.0901989745
0.0155785286 0.0297010784 -0.0237414546 0.0067003676 0.0107194465 0.9997306387
0.0095118266 0.0142905368 -0.0233060237 -0.0000000000 -0.0000000000 1.0000000000
-0.0380699478 0.0122315371 -0.0019696024 0.9770873900 -0.2119091218 0.0106303364
0.0091798299 0.0179907377 -0.0273925328 -0.0068103000 -0.0054448228 -1.0000000000
-0.0381278289 0.0122109324 0.0128667925 0.9773305886 -0.2111037901 0.0003468723
-0.0054742258 0.0084700959 -0.0273660239 0.0001799890 -0.0001568364 -1.0000000000
-0.0200946172 -0.0359063516 0.0084583012 -0.4525643936 -0.8917289068 -0.0000000000
0.0132397558 0.0466592138 -0.0050783976 0.2934117254 0.9557049108 -0.0000000000
-0.0306403267 0.0363417145 0.0177216148 -0.6884087170 0.7248583141 -0.0000000000
0.0252518648 0.0338263412 -0.0056661860 -0.6433484111 -0.7649904655 0.0163261684
-0.0044169953 -0.0349820261 0.0250406296 0.1158868763 0.9926272342 0.0274453820
-0.0072642635 0.0423882769 0.0223700601 0.1887318973 -0.9816501489 0.0112720308
-0.0429499137 0.0158285539 0.0323098664 -0.9638274077 0.2657440298 -0.0000000000
0.0385316393 -0.0188885895 -0.0071904916 0.8592716301 -0.5109765685 -0.0000000000
0.0070876848 0.0424415963 0.0053327170 -0.1778635531 -0.9836990190 0.0033982862
-0.0058320566 -0.0352824336 -0.0312544274 0.1162593261 0.7656252680 -0.6321230820
-0.0424596131 0.0174830377 -0.0035867230 -0.9529154701 0.3028298210 -0.0000000000
0.0445801049 0.0085537157 0.0099537008 0.9946152460 0.1030324967 -0.0000000000
-0.0431619837 -0.0071240984 -0.0034765195 -0.9685577178 -0.2476334628 -0.0000000000
-0.0427257735 -0.0034690366 0.0400010918 -0.1824805306 -0.0334040134 0.9706120544
-0.0395675511 -0.0003521801 0.0338393115 0.9820264846 0.1063395579 0.1541257811
0.0445147503 0.0090756014 0.0198667164 0.9931619811 0.1147317749 -0.0000000000
-0.0409846718 -0.0135463075 0.0269171447 -0.9198627356 -0.3914104516 -0.0000000000
0.0348056547 0.0217554612 -0.0086955164 -0.8891608254 -0.4565605570 0.0262100451
-0.0364966364 -0.0105974659 -0.0308742064 0.7394719288 0.2933000268 -0.6044136924
-0.0035420344 -0.0187098972 -0.0234157478 -0.0064790352 -0.0402481048 0.9992095130
-0.0220940329 -0.0139133530 -0.0236959456 -0.0281028430 -0.0226543371 0.9993003348
0.0214114515 0.0398116397 0.0395120548 -0.3298392275 -0.5529157400 0.7495847099
0.0349170905 -0.0241042362 -0.0098158994 0.7784757510 -0.6276350845 -0.0000000000
-0.0360528108 0.0301841532 0.0137940042 -0.8095087019 0.5870593361 -0.0000000000
-0.0065196116 -0.0059064397 -0.0273707890 0.0016563445 0.0019331047 -1.0000000000
0.0094870320 -0.0337458132 -0.0129530483 -0.2405466766 0.9686118397 0.0527515836
0.0317010349 -0.0097088254 -0.0283773793 -0.1963640597 0.0846192392 -0.9758937686
-0.0035112227 -0.0553118069 0.0297159411 -0.2486891456 -0.1378999365 0.9577386629
0.0262174765 0.0402275894 0.0078595144 0.5837804654 0.8117634604 -0.0000000000
-0.0028708401 0.0426360491 -0.0136219078 0.0770632937 -0.9946328825 0.0596927235
0.0122699825 0.0469466028 0.0001396990 0.2717603643 0.9621009271 -0.0000000000
-0.0401364719 0.0005553719 -0.0317595414 0.2695124352 0.0224741684 -0.9619342185
-0.0282896057 0.0384320407 0.0265279944 -0.6358842702 0.7715467497 -0.0000000000
0.0279912325 -0.0309865060 0.0071361036 0.6235337044 -0.7815984710 -0.0000000000
0.0013265285 -0.0347864095 -0.0147333533 -0.0308770463 0.9965121986 0.0712268328
-0.0306894874 -0.0212041691 0.0328474894 0.7675738606 0.6263918241 0.1347769247
0.0424437034 -0.0103952035 0.0311385246 0.9468816860 -0.3209076719 -0.0000000000
0.0136318556 0.0344302965 -0.0281632551 -0.0670387655 -0.1513026648 -0.9858718316
-0.0131169976 0.0400322347 -0.0180002750 0.3395960597 -0.9255381758 0.1611194725
0.0258449344 0.0339457635 0.0306849867 -0.6474582628 -0.7550988977 0.0990583986
0.0418932706 -0.0119492439 -0.0077302042 0.9345480504 -0.3557237978 -0.0000000000
0.0364688944 0.0297435401 0.0389969145 0.7767856126 0.5509297838 0.2748667045
0.0022406032 -0.0609209406 -0.0063414435 0.1111835661 0.4889303615 0.8615688601
0.0189803233 -0.0365593632 0.0228910122 0.4218572897 -0.9063050799 -0.0000000000
0.0216100639 -0.0261028834 -0.0291207918 -0.2224748988 0.3122435404 -0.9217255818
0.0011195146 -0.0407244944 -0.0222237439 0.0210971437 -0.9994843788 -0.0038579814
0.0201903867 0.0143634716 -0.0234049638 0.0337613116 0.0174153221 0.9992899943
0.0271760940 -0.0207090587 -0.0223779605 -0.4847978467 0.4428241406 0.7359694687
-0.0255985240 -0.0255365312 0.0086432202 0.6572635116 0.7532370379 0.0013748387
0.0343305377 0.0202262143 -0.0295609906 -0.4434331712 -0.2106502543 -0.8696139441
-0.0160469377 0.0037599984 -0.0273881813 0.0078872955 0.0008895261 -1.0000000000
-0.0373668975 -0.0192874950 -0.0310326327 -0.7175679758 -0.4435327578 -0.5276423885
0.0131545080 -0.0329545846 0.0205418275 -0.3327294565 0.9426392995 0.0064456489
-0.0092788964 0.0133071638 -0.0273729301 0.0039774686 -0.0013865588 -1.0000000000
0.0040596145 -0.0405767954 0.0083439410 0.0858752628 -0.9960208383 -0.0025650455
-0.0009927855 -0.0672534064 0.0113085623 -0.0559574510 0.9818590674 -0.1657976331
0.0069172599 0.0480730930 0.0386546214 0.1503214073 0.9775793820 0.1424565530
-0.0383476856 0.0060893998 -0.0299735757 0.6005318687 -0.0330032372 -0.7974713964
-0.0180957355 -0.0368603630 0.0015146913 -0.4077031278 -0.9130238352 -0.0000000000
-0.0321890091 -0.0181116779 0.0176406113 0.8255966435 0.5636339609 0.0018715205
-0.0377694403 -0.0057259652 0.0016733332 0.9686680784 0.2471739280 0.0058825204
0.0106168512 0.0473758098 0.0054895188 0.2347538006 0.9716761512 -0.0000000000
-0.0306719241 0.0363117183 -0.0073230327 -0.6891162612 0.7241898710 -0.0000000000
-0.0050290173 -0.0583925841 0.0230251224 -0.3967382826 0.2888573841 -0.8691466221
0.0266517494 0.0327387473 0.0221598234 -0.6773617418 -0.7352524134 0.0107170233
0.0003984630 -0.0407771599 0.0135632167 0.0056528046 -0.9997953163 -0.0098822560
0.0405078883 -0.0151695125 -0.0024556387 0.9034983998 -0.4276811180 -0.0000000000
0.0313237167 -0.0280394025 -0.0037799414 0.6980255818 -0.7157729056 -0.0000000000
-0.0141775203 0.0402220894 -0.0080143811 0.3666049544 -0.9298287800 0.0239876869
0.0439169463 0.0128396706 -0.0097857236 0.9797673070 0.1989729567 -0.0000000000
-0.0042646901 -0.0405432499 0.0346126348 -0.0961943760 -0.9950350281 0.0202350297
-0.0277073869 0.0068187932 -0.0236737293 -0.0413878030 0.0042831994 0.9990731144
-0.0388471757 -0.0179028655 -0.0189229755 -0.8720290588 -0.4888824011 -0.0000000000
0.0342646669 0.0327700334 0.0068834643 0.7638450165 0.6448873177 -0.0000000000
-0.0217359052 -0.0339711873 -0.0314716462 -0.3217120221 -0.5581460000 -0.7549491054
0.0352680239 -0.0236468399 -0.0035959035 0.7863126172 -0.6174077446 -0.0000000000
0.0257074346 0.0275807899 -0.0284629753 -0.1715798544 -0.1578906784 -0.9719050413
0.0286744613 -0.0229557265 0.0263343948 -0.7269105839 0.6850349303 0.0385954460
-0.0442339916 -0.0013497872 -0.0282615965 -0.9923627730 -0.1184977162 -0.0193897859
-0.0382886317 -0.0024006093 -0.0107946465 0.9859204446 0.1629643078 0.0330589324
-0.0109301669 0.0414731633 0.0062959530 0.2825726889 -0.9589068644 0.0027443773
0.0002494829 0.0095498156 -0.0233060237 -0.0000000000 -0.0000000000 1.0000000000
0.0387006200 -0.0026313174 0.0108824841 -0.9855292885 0.1681222912 0.0008298290
0.0209338913 0.0434877117 -0.0118884116 0.4656404339 0.8847143446 -0.0000000000
-0.0366215893 0.0179330902 0.0280834654 0.9327088219 -0.3550777014 0.0605269446
-0.0407500933 0.0220069398 -0.0077933418 -0.9146004254 0.4040557056 -0.0000000000
-0.0173768779 -0.0317362046 0.0326482171 0.4365027550 0.8896213828 0.1314572545
0.0067461476 -0.0692901331 0.0055314657 0.7628875161 0.6116214063 0.0395410928
0.0055421720 -0.0325658212 -0.0221080828 -0.1067498156 0.7228389128 0.6711449547
-0.0175254780 0.0214837986 -0.0235130677 -0.0363133048 0.0360707192 0.9986808483
-0.0300707018 -0.0289878662 -0.0053246507 -0.6756534083 -0.7369087271 -0.0000000000
-0.0010563929 0.0248115144 -0.0233514748 -0.0013434328 0.0237730556 0.9996891829
-0.0234553601 -0.0271935156 -0.0035131633 0.6034891682 0.7968403156 0.0127349816
0.0015471761 0.0486026584 0.0138203857 0.0318167103 0.9991499389 -0.0000000000
0.0237670165 0.0348457648 -0.0115247993 -0.6069557574 -0.7932488868 0.0379298215
-0.0445627598 0.0040346565 0.0027407634 -0.9999477154 0.0019532108 -0.0000000000
-0.0175520565 -0.0305157572 -0.0153583213 0.4550274104 0.8869703076 0.0777124849
-0.0070048615 -0.0238871202 -0.0237055256 -0.0081602026 -0.0326384402 0.9993983159
0.0341582210 0.0328946171 -0.0025032780 0.7614569876 0.6476745182 -0.0000000000
-0.0029366928 -0.0083297146 -0.0233060237 -0.0000000000 -0.0000000000 1.0000000000
0.0307496505 -0.0285843775 -0.0198455061 0.6851708200 -0.7279172755 -0.0000000000
-0.0039744467 0.0472745219 0.0399969597 -0.0209165504 0.1995430717 0.9681278044
0.0148597440 -0.0176987431 -0.0235836469 0.0284096968 -0.0419162058 0.9986934779
-0.0072553597 0.0331475750 -0.0278012248 0.0208641921 -0.0817431637 -0.9963257161
0.0315034117 0.0270277306 -0.0303436925 -0.5614373759 -0.4132854143 -0.7122082336
0.0391796771 0.0064202888 0.0083726084 -0.9977471182 -0.0631586538 0.0014407024
0.0363380344 0.0108748964 -0.0221427113 -0.7079680390 -0.1369848732 0.6794627006
-0.0225776698 -0.0279383410 0.0211463128 0.5798744443 0.8144121187 0.0080414396
0.0234964613 -0.0274241174 0.0041481433 -0.5972802806 0.8017303014 0.0042024540
-0.0442784127 0.0089423431 0.0069763736 -0.9935527339 0.1117436639 -0.0000000000
0.0194671859 0.0240269323 -0.0236697360 0.0296834382 0.0305156414 0.9990322722
0.0163982836 0.0124171387 -0.0274095918 -0.0089707493 -0.0069425061 -0.9999698444
0.0228207572 0.0424390917 -0.0173384154 0.5077753147 0.8612406683 -0.0000000000
0.0207925994 0.0370695390 -0.0055755255 -0.5290446662 -0.8480375952 0.0160303680
0.0447903377 0.0028497947 -0.0266927352 0.9993430930 -0.0245402766 -0.0000000000
-0.0316280120 0.0247345070 -0.0202397252 0.7847089354 -0.5137101025 0.3380312517
-0.0354112451 -0.0073449632 -0.0216113754 0.7742861990 0.2462753326 0.5675500629
-0.0081310742 0.0421638496 -0.0005988628 0.2111976751 -0.9772818964 0.0087613330
0.0435325795 -0.0066379523 -0.0014573471 0.9711647421 -0.2367779804 -0.0000000000
-0.0200503208 0.0312111431 -0.0282802255 0.1139523708 -0.1544053817 -0.9804210796
-0.0330524030 -0.0152603218 -0.0187411970 0.8468161384 0.4901607256 0.1974034718
0.0438860811 -0.0051117785 0.0343928468 0.9790717568 -0.2026970552 -0.0000000000
-0.0322526235 -0.0232818481 0.0398751361 0.2772564656 0.2307338256 0.9219073108
-0.0388197732 0.0056437917 -0.0084726776 0.9984673234 -0.0434279609 0.0254829831
0.0099362036 0.0418737893 0.0239820196 -0.2503488136 -0.9677040464 0.0201157398
-0.0412384702 0.0103100778 0.0396360299 0.5686894406 -0.0866303209 0.8090512602
0.0297010046 0.0364830102 -0.0312661055 0.5215130331 0.5736225232 -0.6279117137
0.0447646590 0.0060294744 0.0152186751 0.9987537297 0.0465573009 -0.0000000000
0.0107212302 -0.0329691828 -0.0182807864 -0.2716543481 0.9464507030 0.1702921604
0.0358895081 -0.0114553163 -0.0105196065 -0.9177001849 0.3952795872 0.0321615520
0.0387064915 0.0264979709 -0.0205193321 0.8631890152 0.5045857982 -0.0000000000
0.0272936931 -0.0242025980 0.0057302373 -0.6941683464 0.7193481427 0.0031284229
-0.0070970681 -0.0018485845 -0.0233060237 -0.0000000000 -0.0000000000 1.0000000000
-0.0111730511 0.0471813818 -0.0167895466 -0.2529147527 0.9673317660 -0.0000000000
-0.0237591215 0.0346487409 -0.0116611221 0.6133361270 -0.7882567699 0.0393445218
-0.0083489259 0.0478143954 0.0306393355 -0.1896340992 0.9815049018 -0.0000000000
-0.0400131599 0.0186103759 0.0399951115 0.1596422511 -0.0614102800 0.9767991995
0.0212397963 0.0433216659 0.0267055633 0.4724697347 0.8809946844 -0.0000000000
-0.0201839422 -0.0358623494 0.0147015028 -0.4545666605 -0.8907458076 -0.0000000000
0.0419851949 0.0195843204 -0.0181207835 0.9366078135 0.3499093750 -0.0000000000
0.0011191767 -0.0074795602 -0.0273691462 0.0007129411 0.0025216746 -1.0000000000
-0.0060301636 0.0402580831 -0.0290722189 0.0618896018 -0.3664599994 -0.9270761888
-0.0431536628 0.0150533757 0.0125391830 -0.9683717935 0.2484076395 -0.0000000000
0.0249065901 0.0342391825 0.0141854735 -0.6331618286 -0.7738783161 0.0000259212
-0.0428336261 -0.0083263511 0.0149530958 -0.9612393554 -0.2745398981 -0.0000000000
-0.0129968184 -0.0388179275 -0.0098618583 -0.3238128883 -0.9460683393 0.0009514345
-0.0384502652 0.0265017309 0.0199437911 -0.8631373745 0.5046700441 -0.0000000000
0.0168629489 -0.0374786439 -0.0067064752 0.3770155905 -0.9259147247 0.0001473801
-0.0024803990 -0.0635161750 -0.0125483935 -0.1669150301 -0.4478048806 -0.8730738443
0.0162414707 -0.0377359169 0.0038830145 0.3616605970 -0.9322299678 0.0001678903
-0.0375409919 -0.0066495886 0.0083214048 0.9623834614 0.2706514893 0.0014531647
-0.0176365086 -0.0370532983 0.0266031504 -0.3982636628 -0.9170279302 0.0001150408
0.0380753090 0.0050196518 -0.0201656133 -0.9392721153 -0.0267197462 0.3310762952
-0.0012595023 0.0430542557 0.0197560656 0.0354739545 -0.9990355109 0.0043713027
0.0217143344 0.0365874506 0.0091581432 -0.5515154425 -0.8339456413 0.0012495127
-0.0166299278 0.0392926756 0.0046581777 0.4282722204 -0.9032600145 0.0038562086
-0.0369467742 -0.0209880703 -0.0137002847 -0.8294794839 -0.5579802238 -0.0000000000
0.0343039640 0.0327240402 0.0154409618 0.7647266158 0.6438583546 -0.0000000000
0.0314316888 -0.0279369019 0.0215745892 0.7004433459 -0.7134887542 -0.0000000000
-0.0055524700 -0.0347590088 0.0047435265 0.1451089252 0.9891793543 0.0037982681
-0.0407635743 0.0219744110 0.0341880942 -0.9149028443 0.4033289975 -0.0000000000
-0.0386395812 0.0261799224 -0.0207337745 -0.8673786489 0.4974577634 -0.0000000000
-0.0227079322 -0.0278353142 0.0144093032 0.5834235828 0.8120088169 0.0000655734
-0.0039229208 -0.0692552771 0.0224998462 -0.2934000744 -0.7352984581 0.6034442385
0.0185161939 -0.0367808794 0.0155310510 0.4114407482 -0.9112496463 -0.0000000000
-0.0008058606 0.0486155778 -0.0163449566 -0.0208977493 0.9994416656 -0.0000000000
-0.0290312182 -0.0299037909 0.0151177432 -0.6524340025 -0.7573731490 -0.0000000000
-0.0068892455 -0.0703350179 0.0166942179 -0.8995938231 -0.4000622759 0.1638557996
-0.0000658670 0.0486351928 0.0198514674 -0.0043198683 0.9998845842 -0.0000000000
0.0375213388 0.0134589346 -0.0166942429 -0.9609314639 -0.2443425542 0.1184123940
-0.0414912356 -0.0123239964 -0.0000327987 -0.9312265057 -0.3641034795 -0.0000000000
-0.0386113641 0.0033239567 -0.0149524496 0.9967819639 0.0160218876 0.0735005206
0.0314881217 0.0290386207 0.0352660482 -0.7669661893 -0.6136640970 0.1858861207
0.0215989052 -0.0287805413 0.0204016649 -0.5484320470 0.8360174505 0.0060756312
-0.0124573759 -0.0389620892 -0.0038991749 -0.2996777662 -0.9538174850 0.0076266695
-0.0341723660 -0.0152798063 0.0282487312 0.8702986819 0.4878404699 0.0625992035
-0.0126850056 0.0409254110 0.0205234915 0.3272292108 -0.9445922010 0.0063972431
-0.0412840138 -0.0128240115 0.0348556011 -0.9265778881 -0.3752740392 -0.0000000000
0.0375671846 0.0283491248 0.0030343251 0.8376666987 0.5460589612 -0.0000000000
0.0075375431 -0.0411097832 -0.0122903395 0.7944521622 -0.5601940201 -0.1315145209
0.0346960741 0.0214465305 -0.0150897337 -0.8895446859 -0.4502405512 0.0749251969
0.0046757928 -0.0404781589 -0.0290824267 0.1015578891 -0.9912859641 -0.0747784163
0.0188154914 0.0445326400 -0.0067015679 0.4181579370 0.9080611037 -0.0000000000
-0.0409881733 0.0177709333 -0.0317081853 -0.3624663543 0.1239304727 -0.9170488957
-0.0445365840 0.0028562244 0.0346563049 -0.9993469414 -0.0243965094 -0.0000000000
-0.0389522906 0.0057485589 0.0036438444 0.9987682259 -0.0460157587 0.0045448058
0.0351095680 0.0034996644 -0.0284949915 -0.2403450734 0.0031417542 -0.9704131062
-0.0186383867 0.0116316903 -0.0274315987 0.0145992977 -0.0044722729 -0.9999209317
0.0252267873 -0.0330134713 -0.0156620970 0.5615939511 -0.8270166736 -0.0000000000
0.0413141019 0.0212601610 0.0108901654 0.9215431927 0.3873723381 -0.0000000000
0.0393382034 0.0253606533 0.0377457833 0.8770638566 0.4788949652 0.0228295496
0.0130805057 -0.0103435890 -0.0233259277 0.0093735483 -0.0103576330 0.9998460265
0.0445481141 0.0088227551 -0.0163458655 0.9939034014 0.1090620879 -0.0000000000
0.0089729785 -0.0274750034 -0.0236982521 -0.0217936373 0.0804985801 0.9956432674
0.0447395577 0.0013736846 -0.0178273794 0.9981876860 -0.0575495059 -0.0000000000
0.0018719324 -0.0702167415 0.0219424895 0.1036700341 -0.8006643436 0.5852064400
0.0364746645 0.0185676982 0.0243637899 -0.9271892638 -0.3729662238 0.0227590546
-0.0109764161 -0.0393329578 -0.0280401785 -0.2484969073 -0.9683262119 -0.0104553508
-0.0069052740 -0.0341010884 -0.0156985856 0.1809394369 0.9790787676 0.0858545272
-0.0442547580 -0.0012270026 -0.0070425533 -0.9930270711 -0.1157634400 -0.0000000000
0.0297072424 0.0295291578 0.0015426951 -0.7561203979 -0.6539031467 0.0059712063
0.0120014295 0.0412144765 0.0012084465 -0.3035379675 -0.9526222462 0.0062970668
0.0200071081 -0.0024292099 -0.0274410497 -0.0152258014 0.0050009218 -0.9998998797
0.0180632118 0.0387197286 0.0049459250 -0.4584233239 -0.8886196398 0.0036608665
-0.0368718585 -0.0210971363 0.0373350659 -0.8277245211 -0.5603560640 0.0067133960
-0.0403107704 -0.0066664543 -0.0318660239 0.0053305243 0.0014228889 -0.9999362906
0.0283847052 -0.0173071637 -0.0285964558 -0.2100525049 0.1586719600 -0.9638622482
-0.0306859178 -0.0203955959 0.0271387669 0.7835021513 0.6189218319 0.0486814234
0.0139291133 0.0170575586 -0.0233223113 0.0090242680 0.0085899998 0.9998679410
0.0421684667 0.0190668881 0.0303223492 0.9407144128 0.3383170204 -0.0000000000
0.0075590148 -0.0401202193 -0.0236677048 0.1654668312 -0.9859758076 -0.0062077442
-0.0207446193 0.0434526199 0.0339945603 -0.4670837252 0.8839282388 -0.0000000000
0.0212822599 -0.0312032925 -0.0318470082 -0.0436740878 0.0715740201 -0.9956931187
0.0422047951 -0.0110697149 0.0096116522 0.9415284291 -0.3360191664 -0.0000000000
0.0284629969 -0.0223711061 -0.0158950024 -0.7289157900 0.6770282660 0.0922773312
0.0424564682 0.0182537717 0.0242545591 0.9471677078 0.3201002724 -0.0000000000
-0.0103456736 0.0440932779 0.0393195253 0.1893942957 -0.7262478986 0.6572350277
-0.0180233891 -0.0063510931 -0.0233505894 -0.0205188282 -0.0116115814 0.9996957907
0.0384735772 0.0117524352 0.0150529647 -0.9796858729 -0.1994089690 0.0004253097
0.0399414169 -0.0163547504 -0.0228691592 0.8908534079 -0.4541702754 -0.0000000000
0.0051878054 -0.0200047819 -0.0234925673 0.0101792331 -0.0479978189 0.9987916581
-0.0445063953 0.0016986210 -0.0234914224 -0.9986540652 -0.0502804983 -0.0000000000
-0.0286050306 -0.0302679308 -0.0166964972 -0.6429232528 -0.7655183907 -0.0000000000
0.0392455265 0.0038875486 0.0017116233 -0.9999591321 0.0015267133 0.0058565265
0.0372433046 0.0160960378 -0.0054006200 -0.9501741232 -0.3110310087 0.0154596992
-0.0239109085 0.0416151332 -0.0043953985 -0.5378232469 0.8428481039 -0.0000000000
-0.0206848072 0.0375301751 -0.0310186076 0.4211166559 -0.6790653680 -0.6004227082
-0.0103352813 -0.0337588432 0.0076495432 0.2673799046 0.9633949562 0.0018254698
0.0058063006 -0.0236622609 -0.0276708026 -0.0116434192 0.0576215734 -0.9981888864
-0.0326767552 0.0342834370 0.0287208478 -0.7339539639 0.6787795257 -0.0000000000
-0.0445484924 0.0044996725 -0.0281128991 -0.9995378433 0.0123382044 -0.0134382938
0.0381487843 -0.0052851571 0.0167048468 -0.9713969823 0.2358109468 0.0013485307
0.0052922376 0.0483302136 0.0080303717 0.1155397018 0.9930535476 -0.0000000000
-0.0106186359 -0.0336912304 0.0217437259 0.2745070740 0.9612203261 0.0096185606
-0.0351242832 0.0313978407 -0.0221493441 -0.7887731151 0.6141967229 -0.0000000000
0.0089913942 0.0050250565 -0.0273669839 -0.0007972712 -0.0000834677 -1.0000000000
-0.0069323757 -0.0526860706 -0.0128070487 -0.9192692321 -0.0257992051 -0.3676776665
-0.0292215322 -0.0213834091 -0.0143981296 0.7548853310 0.6515209119 0.0677480239
-0.0011093019 -0.0604949488 0.0288556186 -0.0742416913 -0.3230725976 0.9400807843
0.0097878115 0.0434309091 0.0374605817 -0.2279510310 -0.9308829101 0.2821886009
-0.0387318251 0.0260099820 0.0374614864 -0.8693035374 0.4935412058 0.0116740152
0.0101747900 -0.0026695153 -0.0233060237 -0.0000000000 -0.0000000000 1.0000000000
0.0331291722 -0.0208725243 -0.0318613455 -0.0318077364 0.0245209680 -0.9987141948
-0.0252686407 0.0407049153 0.0358622276 -0.5682178352 0.8224627579 -0.0000000000
-0.0043940238 -0.0405669583 -0.0003134460 -0.0950920966 -0.9953669611 0.0144448443
0.0105708664 0.0473868461 0.0224929280 0.2337229324 0.9719227511 -0.0000000000
0.0409315972 0.0221743048 -0.0250715201 0.9129779706 0.4077951086 -0.0000000000
0.0355622740 0.0205395808 0.0095462014 -0.9053192286 -0.4238614285 0.0011550640
-0.0267021051 0.0110482069 -0.0276410795 0.0513996897 -0.0141776796 -0.9986067533
-0.0129602199 -0.0030619991 -0.0273834606 0.0045058355 0.0039586047 -1.0000000000
0.0402399961 -0.0157302040 -0.0121566557 0.8975251170 -0.4402117232 -0.0000000000
0.0447126401 0.0010305232 0.0339020335 0.9975846125 -0.0652276158 -0.0000000000
-0.0327220239 -0.0263411448 0.0338270774 -0.7349655546 -0.6777089258 -0.0000000000
-0.0358818593 0.0304104384 -0.0136934583 -0.8056909158 0.5921184976 -0.0000000000
-0.0287718616 0.0380199954 0.0318022544 -0.6466462335 0.7623299378 -0.0000000000
0.0123347372 0.0469274130 -0.0141617702 0.2732060892 0.9616738463 -0.0000000000
-0.0150573460 0.0177824779 -0.0274370918 0.0115349899 -0.0101911061 -0.9999087226
-0.0282444014 -0.0305760568 0.0243817818 -0.6348754962 -0.7724106888 -0.0000000000
0.0315967340 0.0356748275 0.0215042279 0.7041391150 0.7099972242 -0.0000000000
0.0115070210 0.0417877290 0.0306959222 -0.2864989768 -0.9525325073 0.0992252640
-0.0398057045 0.0240031043 -0.0152543302 -0.8934949993 0.4486660045 -0.0000000000
0.0351528995 -0.0141572306 -0.0308971100 -0.7098569395 0.3669546765 -0.6001317194
-0.0139407890 -0.0314361456 -0.0197315247 0.3517494442 0.8840656862 0.2903397208
-0.0416760159 -0.0118457227 -0.0078217064 -0.9353696461 -0.3534045482 -0.0000000000
0.0384972966 0.0118257850 0.0237298963 -0.9792233168 -0.2010648292 0.0183700799
-0.0206631525 0.0078451985 -0.0233595960 -0.0254792593 0.0048680617 0.9996285744
0.0416388920 -0.0125804081 -0.0176684152 0.9288426574 -0.3698318317 -0.0000000000
-0.0066406151 0.0247077243 -0.0233807739 -0.0097472667 0.0300027132 0.9994705232
-0.0160913761 -0.0357187662 -0.0318369559 -0.0513214812 -0.1252319315 -0.9903982723
-0.0353911842 -0.0125440217 0.0234556250 0.9066135584 0.4209219425 0.0164710699
0.0073255956 -0.0534401538 -0.0120985351 0.9736846403 -0.0087994876 -0.1232700782
-0.0008477501 0.0361347635 -0.0280160496 0.0046067020 -0.1319103050 -0.9907580071
0.0380444408 0.0275779334 -0.0277012828 0.8483564458 0.5287834564 -0.0061145913
-0.0268198482 -0.0243944628 0.0017313872 0.6887393242 0.7244452158 0.0058431095
0.0039305726 -0.0671123374 -0.0099314209 0.2649342163 -0.6232038927 -0.7312758015
-0.0359496108 -0.0224275260 -0.0233673667 -0.8072039081 -0.5901439984 -0.0000000000
-0.0001796801 -0.0699970819 -0.0075520360 -0.0182349060 -0.7898823734 -0.6097114315
-0.0291014584 -0.0298437769 -0.0108322190 -0.6540014741 -0.7560307276 -0.0000000000
-0.0390094783 0.0038122193 0.0189351994 0.9999076577 0.0034496608 0.0025950533
0.0055327261 0.0374118634 -0.0282754992 -0.0305615877 -0.1883749601 -0.9806413209
-0.0085319917 0.0477805030 0.0193242308 -0.1937314006 0.9807411344 -0.0000000000
-0.0354839264 0.0214969972 0.0322675644 0.8896619765 -0.4382827478 0.1251159730
-0.0445448507 0.0031732158 0.0099089814 -0.9995366746 -0.0173085869 -0.0000000000
0.0006319061 -0.0569510115 0.0226676259 0.0251299713 0.2483430867 -0.9667339591
-0.0274996237 0.0314113444 -0.0100700895 0.7087051940 -0.7046390071 0.0306949012
-0.0381691951 -0.0149962647 0.0399935820 0.1582452442 0.0771024614 0.9761523840
-0.0311239810 0.0275108573 0.0212083959 0.7981911531 -0.6018066450 0.0082053340
0.0307421644 -0.0285914842 -0.0115303688 0.6850031888 -0.7280756429 -0.0000000000
0.0446049984 0.0082363589 -0.0056530163 0.9951729703 0.0959317569 -0.0000000000
0.0433805593 0.0151659802 0.0357290701 0.9677679363 0.2509220620 -0.0000000000
0.0424418053 -0.0104005624 -0.0235885709 0.9468391547 -0.3210277317 -0.0000000000
-0.0012350720 -0.0562942790 -0.0079711851 -0.0685379764 0.2147395680 0.9716908356
0.0339798840 0.0235876343 0.0143731323 -0.8648969326 -0.5017995242 0.0000453579
0.0351373078 -0.0135239673 0.0064045596 -0.8945950913 0.4463582588 0.0026706479
0.0302864203 0.0289061191 0.0221699312 -0.7702070441 -0.6373316051 0.0107437070
0.0207741142 0.0410704391 -0.0318619513 0.0228058884 0.0420654776 -0.9981388143
0.0173565247 -0.0372743187 0.0342123896 0.3861695549 -0.9220543668 0.0001754738
-0.0301022479 0.0294133833 0.0308238093 0.7606161182 -0.6407405826 0.1011767180
0.0254744111 -0.0110700227 -0.0237353154 0.0221286981 -0.0130977839 0.9997014003
-0.0069512896 -0.0465052945 -0.0127870756 -0.9283354733 0.0080705536 -0.3306069360
-0.0007611648 0.0424568338 -0.0299706582 0.0141502433 -0.6003078742 -0.7979815338
-0.0191197004 -0.0299334222 -0.0093834099 0.4936485250 0.8689517537 0.0284544535
0.0207591100 -0.0346198788 0.0399626480 0.1502604429 -0.2805174261 0.9467454793
0.0225732426 -0.0280470295 -0.0014030549 -0.5741055700 0.8183452474 0.0098578489
0.0447860189 0.0026841899 0.0236351595 0.9992439713 -0.0282431959 -0.0000000000
0.0142828261 0.0389608476 -0.0207576207 -0.3414672267 -0.8439753976 0.4017466569
0.0343054096 -0.0150420140 0.0003732472 -0.8738543711 0.4854894648 0.0074358610
0.0388962602 -0.0182802350 0.0171118932 0.8674404235 -0.4973438510 -0.0000000000
0.0025731056 0.0485698997 -0.0219731867 0.0547927328 0.9984117093 -0.0000000000
0.0319410639 0.0224392270 -0.0222106809 -0.6073699881 -0.3532545945 0.6957889661
-0.0240214968 -0.0336527321 -0.0196249074 -0.5402955456 -0.8413347913 -0.0000000000
0.0007637557 -0.0360962239 0.0346613377 -0.0156544182 0.9847802028 0.1708435042
-0.0237107802 -0.0338432111 -0.0255817043 -0.5333492022 -0.8455867002 -0.0000000000
0.0320920497 0.0351668304 0.0282791652 0.7152137126 0.6986129531 -0.0000000000
-0.0335503124 0.0332890443 -0.0287690916 -0.7531349159 0.6561754526 -0.0397018623
0.0032404326 -0.0350552532 0.0139549977 -0.0795713597 0.9964617482 0.0000820163
0.0312880283 -0.0197030441 0.0055787223 -0.7963026773 0.6043704237 0.0032312814
-0.0374733754 0.0141722405 -0.0095271860 0.9644569704 -0.2621917174 0.0289235553
0.0431980699 -0.0079534011 0.0187374340 0.9636990998 -0.2661916782 -0.0000000000
0.0393466409 -0.0070632872 0.0377783951 -0.9169146833 0.2573058912 0.3038441300
-0.0271077021 -0.0256198448 0.0354617255 0.6646895690 0.7215094888 0.1916734028
-0.0210914616 0.0360843276 -0.0174017732 0.5446433329 -0.8250292815 0.1415485436
-0.0345693845 0.0220081704 0.0024336821 0.8868411979 -0.4615687961 0.0053663448
0.0012925240 -0.0122285471 -0.0233060237 0.0000768548 -0.0022131577 1.0000000000
-0.0435700722 0.0133183275 0.0261611566 -0.9776762247 0.2096645835 -0.0000000000
-0.0347037677 0.0218266594 0.0218743358 0.8895596426 -0.4565559802 0.0099633598
-0.0389626232 0.0020401184 0.0080855679 0.9986962615 0.0487041582 0.0015294671
-0.0301413371 0.0028198185 -0.0278126218 0.0866192026 0.0032368171 -0.9961629019
0.0024272982 -0.0739144661 0.0022305980 0.1428310599 -0.9708460192 -0.1738941085
-0.0251327206 -0.0329036697 0.0074442047 -0.5651738997 -0.8245554614 -0.0000000000
0.0266890744 0.0398801828 -0.0224119344 0.5943473971 0.8039793153 -0.0000000000
-0.0085651273 -0.0401037562 0.0201306377 -0.2369714633 -0.9703722504 -0.0384701745
0.0262027432 0.0402377094 -0.0092785325 0.5834505144 0.8119903014 -0.0000000000
-0.0362797066 -0.0219592201 -0.0075837987 -0.8145774632 -0.5796787998 -0.0000000000
-0.0288457312 0.0379568803 -0.0023347243 -0.6482946982 0.7609181518 -0.0000000000
-0.0019617767 -0.0351355053 0.0175786348 0.0534388746 0.9985182516 0.0018368824
0.0236792059 0.0419128359 0.0123415619 0.5269666942 0.8494934811 -0.0000000000
-0.0042646159 -0.0406177638 -0.0181564130 -0.0798904328 -0.9946621672 -0.0603449142
0.0084360300 0.0478452796 0.0316592762 0.1859004658 0.9822008788 -0.0000000000
-0.0378934920 -0.0048631547 -0.0061612054 0.9736885932 0.2255989590 0.0179412811
-0.0191076485 0.0377989592 -0.0108663825 0.4936791446 -0.8687982788 0.0332929876
-0.0280161208 -0.0204191515 -0.0217112349 0.6051948743 0.5246160170 0.5869432731
0.0137406210 0.0465107841 -0.0213751295 0.3045941462 0.9524015183 -0.0000000000
0.0165812111 0.0392618061 -0.0094292690 -0.4220694090 -0.9057086905 0.0286040791
0.0128628960 -0.0328969868 -0.0082758575 -0.3264398431 0.9445072366 0.0248408129
0.0071566940 -0.0713375878 0.0135271708 0.9044773245 -0.4148991074 0.0971140782
-0.0172601493 -0.0174451547 -0.0276337794 0.0322982940 0.0406926146 -0.9986588952
0.0245197990 0.0413936976 0.0199841917 0.5457609252 0.8379018680 -0.0000000000
-0.0394489148 0.0056099878 0.0315149684 0.9924175087 -0.0416194488 0.1125785007
-0.0436583137 0.0128651177 -0.0097031259 -0.9796611394 0.1995413966 -0.0000000000
-0.0295369554 0.0373662899 0.0035069478 -0.6637199721 0.7477075651 -0.0000000000
0.0122808754 0.0411496928 0.0078950016 -0.3105102064 -0.9505635203 0.0016588363
-0.0049284450 -0.0404501044 -0.0278039621 -0.1130807470 -0.9933757226 -0.0067766098
-0.0193587851 -0.0299607709 0.0003717113 0.4982041737 0.8669532934 0.0074379552
0.0307883072 -0.0022626402 -0.0279093820 -0.1056931284 0.0215706195 -0.9937790263
0.0254351447 0.0337430359 -0.0000742708 -0.6471962106 -0.7618589237 0.0080460518
0.0107738319 -0.0395127777 -0.0184554533 0.2569523923 -0.9656585589 -0.0225038731
0.0359785062 -0.0041629680 -0.0222395621 -0.6779259714 0.1512351886 0.7027262192
-0.0164659205 0.0454324929 0.0034244235 -0.3712144412 0.9282367790 -0.0000000000
-0.0386616184 -0.0007404337 -0.0027032684 0.9924184085 0.1199533568 0.0116306901
-0.0108540218 -0.0143232629 -0.0274456996 0.0097532140 0.0149335838 -0.9998750453
-0.0394572169 -0.0167789911 0.0078050568 -0.8856948412 -0.4636826795 -0.0000000000
-0.0222895934 0.0360174822 0.0164029163 0.5727236173 -0.8193650358 0.0011797846
-0.0027967919 -0.0377356996 0.0395850267 0.0409386694 0.6019910584 0.7845867953
-0.0187077365 -0.0365682717 -0.0162411699 -0.4214383792 -0.9065039301 -0.0000000000
-0.0318254496 0.0264121608 -0.0039381009 0.8177021820 -0.5749342104 0.0133143841
0.0394040506 0.0077532961 0.0299879612 -0.9911253812 -0.0960046844 0.0884223541
-0.0195531605 0.0440593810 0.0156090282 -0.4404123835 0.8974972724 -0.0000000000
-0.0310200872 -0.0197007382 0.0014946279 0.7962058230 0.6044968214 0.0060038375
0.0393888623 -0.0000535275 0.0299890367 -0.9907348973 0.1009488096 0.0884387656
0.0206189696 -0.0357640447 0.0088779120 0.4586098361 -0.8885436437 -0.0000000000
0.0276594596 -0.0312410559 -0.0014010222 0.6160974138 -0.7873008183 -0.0000000000
-0.0100214800 -0.0347051982 0.0340757485 0.2506711910 0.9545934049 0.1589342522
-0.0099903536 0.0474652277 0.0253502279 -0.2264015459 0.9736741418 -0.0000000000
0.0216212681 0.0367388238 0.0254951908 -0.5478620295 -0.8358388028 0.0305926886
-0.0063921771 -0.0631694680 0.0256995407 -0.7356739836 -0.3085276550 0.5751359938
0.0445754878 0.0085304494 0.0381020338 0.9926324965 0.1023602281 0.0493530213
-0.0238363043 -0.0337662609 -0.0133077214 -0.5361554033 -0.8438690034 -0.0000000000
0.0357651580 0.0308934969 -0.0159386571 0.7974143621 0.6029196426 -0.0000000000
0.0440212020 0.0122765457 0.0139532566 0.9821167158 0.1863938077 -0.0000000000
-0.0297769128 0.0291811123 0.0135709392 0.7640281646 -0.6446735555 0.0001754915
-0.0166323718 0.0404375586 0.0352417132 0.4098795315 -0.8927061114 0.1851663973
0.0397189989 -0.0167645095 0.0358004630 0.8858709301 -0.4633579713 -0.0000000000
-0.0250710348 -0.0254546450 -0.0153550959 0.6485289552 0.7567187531 0.0776790135
0.0015832494 -0.0351503992 0.0068081513 -0.0372605129 0.9990044945 0.0023966628
0.0040174513 0.0428890081 0.0101939993 -0.0993866651 -0.9949023770 0.0009973979
0.0239724634 -0.0338384528 -0.0073773549 0.5335227255 -0.8454804852 -0.0000000000
-0.0412209048 0.0208708972 0.0052075035 -0.9251621609 0.3786760108 -0.0000000000
0.0445766813 -0.0007027547 -0.0078131762 0.9945385422 -0.1040090608 -0.0000000000
0.0364722928 0.0299431218 0.0210146244 0.8132072609 0.5816739279 -0.0000000000
-0.0379540859 0.0056543582 -0.0195795278 0.9547165176 -0.0428873313 0.2760757276
-0.0353862273 -0.0124817196 0.0163266218 0.9073058299 0.4196939853 0.0011371444
-0.0003762998 0.0486269642 0.0354685216 -0.0112744111 0.9996987766 -0.0000000000
-0.0390466782 0.0045328783 0.0243419030 0.9992927737 -0.0149392981 0.0226075132
0.0385442571 0.0267626139 0.0143883915 0.8595543192 0.5105153934 -0.0000000000
0.0139935498 -0.0326048121 -0.0009982668 -0.3545990326 0.9348709983 0.0093059204
-0.0009252584 0.0430595595 0.0139470377 0.0269220124 -0.9992807127 0.0000839536
0.0392002680 0.0256147707 0.0075884420 0.8742506260 0.4847858280 -0.0000000000
-0.0198315105 -0.0360319252 -0.0103858015 -0.4466594425 -0.8945318930 -0.0000000000
-0.0207263534 0.0434625347 0.0261077097 -0.4666759403 0.8841503437 -0.0000000000
0.0368428950 -0.0078942301 -0.0168239338 -0.9433025093 0.3041760564 0.1226532695
0.0210746761 0.0369575846 -0.0002498801 -0.5356171140 -0.8441597745 0.0082854951
0.0201062104 0.0083901640 -0.0274331814 -0.0152186497 -0.0039605427 -0.9999174138
0.0034368199 -0.0587907322 -0.0142225315 0.2200607934 -0.2526420312 -0.9395415443
-0.0186316161 -0.0015902236 -0.0274251055 0.0127250132 0.0047169664 -0.9999353635
0.0015463210 0.0428893686 -0.0090493247 -0.0364846962 -0.9986067883 0.0273644248
0.0166911425 0.0393960188 0.0108947284 -0.4232139058 -0.9056611159 0.0008268489
0.0359479231 0.0208905285 0.0316759845 -0.8975755423 -0.4243972708 0.1152608628
-0.0050599411 -0.0405343415 0.0162084482 -0.1114842212 -0.9929966619 -0.0266442232
-0.0200519275 0.0374703718 0.0095005364 0.5155445972 -0.8564850323 0.0011661783
0.0438595327 0.0131497835 -0.0194306572 0.9784734876 0.2059002937 -0.0000000000
-0.0391512996 -0.0173425803 -0.0022252801 -0.8788418615 -0.4763195835 -0.0000000000
-0.0312270481 -0.0278901186 0.0075233318 -0.7015468602 -0.7124462233 -0.0000000000
0.0445524832 -0.0008950371 0.0121572967 0.9940004928 -0.1083196239 -0.0000000000
0.0240120843 0.0157448608 -0.0275975188 -0.0403836164 -0.0206869487 -0.9989178905
-0.0433376109 -0.0063923144 0.0203247073 -0.9724820087 -0.2313390095 -0.0000000000
0.0238501149 -0.0271677018 0.0099895716 -0.6061478892 0.7949303810 0.0010471531
0.0147310487 -0.0382866780 -0.0020785216 0.3347842229 -0.9420854218 0.0020819440
-0.0273809401 -0.0239579833 0.0243826439 0.7016527025 0.7118686951 0.0228895965
-0.0355375055 0.0118028012 -0.0224468621 0.6229688751 -0.1364368846 0.7525195969
-0.0213425925 0.0416996628 0.0400103812 -0.0758135730 0.1313740989 0.9761968536
-0.0190603773 0.0379867956 -0.0025635473 0.4908826453 -0.8708644937 0.0114401803
-0.0150731152 0.0139462058 -0.0233144812 -0.0072623241 0.0046307210 0.9999230994
0.0334445648 0.0337298770 -0.0275096507 0.7454466798 0.6663610324 -0.0048042857
-0.0131371038 -0.0328628045 0.0136468688 0.3388317100 0.9405106506 0.0001570111
0.0048861516 0.0437911937 -0.0316472289 -0.0519951690 -0.4573691092 -0.8755523797
-0.0238315591 -0.0077025026 -0.0236087048 -0.0447299120 -0.0216230219 0.9987355865
0.0443514111 -0.0024188528 0.0274267397 0.9895322126 -0.1424888415 -0.0000000000
0.0005641127 -0.0299622796 -0.0282795565 -0.0020660787 0.1916913614 -0.9804522547
0.0264291927 0.0323314807 -0.0156817313 -0.6767691284 -0.7304069637 0.0853033925
0.0184289831 0.0447171097 -0.0007416221 0.4094834619 0.9121787389 -0.0000000000
-0.0026055538 -0.0349264534 -0.0089256961 0.0701480821 0.9967954403 0.0269610583
0.0236268248 -0.0340503401 0.0167930974 0.5257956695 -0.8502102741 -0.0000000000
0.0253831696 -0.0329060548 0.0240027941 0.5650961378 -0.8246089227 -0.0000000000
-0.0358022831 -0.0115543923 0.0101886933 0.9179415943 0.3960269259 0.0009986893
0.0034274527 -0.0167186392 -0.0274401562 -0.0046114055 0.0158369785 -0.9999019117
0.0069139067 0.0481162294 -0.0025219714 0.1518331993 0.9882983323 -0.0000000000
0.0414711128 -0.0129862726 0.0021762658 0.9250693545 -0.3788990231 -0.0000000000
0.0195285097 -0.0115490187 -0.0235104937 0.0397590186 -0.0318112006 0.9986947616
0.0391528678 0.0257020956 -0.0068591895 0.8731887966 0.4867438430 -0.0000000000
0.0194541673 0.0442278175 0.0186725426 0.4324918565 0.9012570205 -0.0000000000
-0.0127066884 -0.0326901188 -0.0132953287 0.3298684666 0.9417312387 0.0563036243
0.0029881448 -0.0666635479 0.0003911007 0.1625255066 0.9260621914 0.3334006479
0.0061446349 0.0425495450 -0.0039202871 -0.1539079622 -0.9879377744 0.0132900950
0.0280433038 0.0331349044 0.0364254633 -0.6739493394 -0.7046410927 0.2201765783
0.0148706472 -0.0057924940 -0.0274005924 -0.0095876942 0.0033603789 -0.9999898464
0.0321027905 0.0351555162 0.0022123342 0.7154537312 0.6983589335 -0.0000000000
