x y z nx ny nz
-0.0037615034 -0.0284233365 -0.0349987806 0.0181000000 -0.1037690000 0.9944370000
0.0207064966 -0.0290353365 -0.0352427806 0.6699000000 -0.6988120000 -0.2507920000
0.0296784966 -0.0166843365 -0.0350117806 0.8801950000 -0.3806290000 -0.2835100000
-0.0406465034 -0.0129593365 -0.0349637806 -0.9197470000 -0.3176850000 -0.2305260000
-0.0345075034 -0.0101633365 -0.0351927806 -0.1026920000 -0.0180330000 0.9945500000
-0.0305745034 -0.0094183365 -0.0349747806 -0.0852790000 -0.0233170000 0.9960840000
0.0156504966 -0.0134923365 -0.0350717806 0.0594450000 -0.0438380000 0.9972690000
0.0202394966 -0.0105973365 -0.0350687806 0.0828540000 -0.0403710000 0.9957440000
0.0307424966 -0.0124973365 -0.0353347806 0.9113300000 -0.2936620000 -0.2885130000
-0.0356495034 -0.0034123365 -0.0352887806 -0.1303510000 -0.0021170000 0.9914660000
0.0220994966 -0.0038633365 -0.0351467806 0.1142890000 -0.0118400000 0.9933770000
0.0252574966 -0.0031873365 -0.0355227806 0.1181760000 -0.0094010000 0.9929480000
-0.0416155034 0.0032416635 -0.0354517806 -0.9028510000 0.0868770000 -0.4210850000
-0.0366065034 0.0034656635 -0.0354267806 -0.1244730000 0.0183610000 0.9920530000
0.0217884966 0.0042466635 -0.0351347806 0.1025450000 0.0034080000 0.9947220000
0.0258964966 0.0037756635 -0.0355627806 0.1151270000 -0.0009620000 0.9933500000
-0.0341065034 0.0114046635 -0.0354087806 -0.1098450000 0.0434410000 0.9929990000
-0.0305965034 0.0128276635 -0.0351727806 -0.1086910000 0.0476100000 0.9929350000
0.0201954966 0.0128716635 -0.0351827806 0.0975080000 0.0471420000 0.9941180000
0.0257504966 0.0135696635 -0.0357327806 0.0086900000 -0.0367390000 0.9992870000
-0.0331505034 0.0175656635 -0.0356197806 -0.0884060000 0.0466590000 0.9949910000
-0.0278605034 0.0199456635 -0.0352997806 -0.0650130000 0.0655080000 0.9957320000
-0.0222785034 0.0222576635 -0.0350977806 -0.0884190000 0.0917740000 0.9918470000
0.0132994966 0.0218026635 -0.0351237806 0.0836750000 0.0953750000 0.9919190000
0.0193524966 0.0199706635 -0.0355047806 0.0527330000 0.0295350000 0.9981720000
0.0253154966 0.0176936635 -0.0354707806 -0.0602380000 -0.0769170000 0.9952160000
-0.0268835034 0.0260706635 -0.0353737806 -0.1219440000 0.1320470000 0.9837140000
-0.0199545034 0.0274246635 -0.0353207806 -0.0619210000 0.0630960000 0.9960850000
-0.0123235034 0.0298486635 -0.0351667806 -0.0399900000 0.1146150000 0.9926050000
-0.0040585034 0.0303276635 -0.0351567806 0.0227600000 0.1334900000 0.9907890000
0.0034914966 0.0287026635 -0.0352507806 0.0536350000 0.1078050000 0.9927240000
0.0116644966 0.0276506635 -0.0354707806 0.0155750000 0.0081440000 0.9998460000
0.0180754966 0.0257456635 -0.0354757806 -0.0469260000 -0.0619380000 0.9969760000
-0.0181475034 0.0323806635 -0.0351397806 0.0226420000 -0.1090200000 0.9937820000
-0.0112795034 0.0330596635 -0.0352887806 0.0024730000 0.0122740000 0.9999220000
-0.0044905034 0.0335436635 -0.0354347806 0.0111660000 0.0418670000 0.9990610000
0.0038884966 0.0332726635 -0.0353487806 -0.0005740000 -0.0546480000 0.9985060000
0.0099784966 0.0325336635 -0.0352607806 -0.0519110000 -0.1328540000 0.9897750000
-0.0108595034 -0.0405553365 -0.0290377806 -0.1428940000 -0.9879460000 -0.0595270000
-0.0041485034 -0.0408883365 -0.0294297806 0.0266020000 -0.9967250000 -0.0763670000
0.0018684966 -0.0405803365 -0.0289197806 0.1898020000 -0.9787980000 -0.0770010000
-0.0267385034 -0.0340723365 -0.0293397806 -0.5350810000 -0.8402060000 -0.0879860000
-0.0201975034 -0.0374743365 -0.0296847806 -0.3759580000 -0.9226390000 -0.0859770000
-0.0134475034 -0.0395273365 -0.0297197806 -0.2201700000 -0.9727550000 -0.0726180000
-0.0043865034 -0.0399563365 -0.0322107806 0.0071280000 -0.9942790000 -0.1065720000
0.0052654966 -0.0393983365 -0.0298667806 0.2628640000 -0.9607150000 -0.0890450000
0.0119124966 -0.0370623365 -0.0298117806 0.4287050000 -0.8983260000 -0.0960340000
0.0179094966 -0.0336503365 -0.0296197806 0.5780620000 -0.8101770000 -0.0972490000
-0.0346755034 -0.0269903365 -0.0297497806 -0.7500810000 -0.6541960000 -0.0969860000
-0.0303945034 -0.0310433365 -0.0306497806 -0.6313810000 -0.7660080000 -0.1207910000
-0.0111965034 -0.0257563365 -0.0345887806 -0.0100010000 -0.0909780000 0.9958030000
-0.0043995034 -0.0258383365 -0.0346487806 0.0166710000 -0.0942520000 0.9954090000
0.0024104966 -0.0256503365 -0.0348137806 0.0361100000 -0.0860810000 0.9956330000
0.0219814966 -0.0302143365 -0.0299997806 0.6711450000 -0.7339580000 -0.1042570000
0.0256734966 -0.0264553365 -0.0295247806 0.7703050000 -0.6297220000 -0.1004010000
-0.0408705034 -0.0175953365 -0.0297017806 -0.9012600000 -0.4246260000 -0.0861640000
-0.0385715034 -0.0215483365 -0.0300817806 -0.8506560000 -0.5162670000 -0.0992590000
-0.0268035034 -0.0163273365 -0.0347007806 -0.0707820000 -0.0230530000 0.9972250000
-0.0189405034 -0.0189263365 -0.0342967806 -0.0366780000 -0.0497190000 0.9980890000
-0.0120695034 -0.0195123365 -0.0341247806 -0.0175570000 -0.0541520000 0.9983780000
-0.0040325034 -0.0194973365 -0.0340787806 0.0169130000 -0.0622810000 0.9979150000
0.0039994966 -0.0195953365 -0.0344077806 0.0408730000 -0.0641550000 0.9971030000
0.0107074966 -0.0182723365 -0.0345797806 0.0487580000 -0.0573690000 0.9971620000
0.0295374966 -0.0206163365 -0.0296737806 0.8659090000 -0.4892090000 -0.1042930000
0.0319574966 -0.0161903365 -0.0286457806 0.9286170000 -0.3629740000 -0.0769420000
-0.0427535034 -0.0121413365 -0.0300427806 -0.9477190000 -0.3011000000 -0.1056780000
-0.0329655034 -0.0097153365 -0.0348407806 -0.0956280000 -0.0183500000 0.9952480000
-0.0273085034 -0.0116543365 -0.0345427806 -0.0707280000 -0.0243480000 0.9971980000
-0.0206025034 -0.0114313365 -0.0341197806 -0.0448130000 -0.0231580000 0.9987270000
-0.0122855034 -0.0111773365 -0.0339167806 -0.0145830000 -0.0258880000 0.9995590000
-0.0045255034 -0.0108613365 -0.0338417806 0.0039410000 -0.0262680000 0.9996470000
0.0035934966 -0.0113673365 -0.0339797806 0.0359340000 -0.0338860000 0.9987790000
0.0115444966 -0.0116933365 -0.0344087806 0.0545590000 -0.0378730000 0.9977920000
0.0164884966 -0.0104993365 -0.0346747806 0.0613660000 -0.0372890000 0.9974180000
0.0306674966 -0.0158623365 -0.0334467806 0.9086850000 -0.3700110000 -0.1933490000
0.0331584966 -0.0120413365 -0.0296877806 0.9505760000 -0.2926250000 -0.1038050000
-0.0443295034 -0.0041803365 -0.0299937806 -0.9860070000 -0.1056340000 -0.1289640000
-0.0324275034 -0.0067413365 -0.0348447806 -0.1046180000 -0.0142720000 0.9944100000
-0.0271975034 -0.0040833365 -0.0344067806 -0.0719420000 -0.0118490000 0.9973380000
-0.0200555034 -0.0038283365 -0.0340067806 -0.0419220000 -0.0105030000 0.9990660000
-0.0122205034 -0.0042143365 -0.0338487806 -0.0144710000 -0.0153740000 0.9997770000
-0.0042695034 -0.0042163365 -0.0338117806 0.0058320000 -0.0102740000 0.9999300000
0.0035834966 -0.0039723365 -0.0339567806 0.0347290000 -0.0186720000 0.9992220000
0.0111494966 -0.0037473365 -0.0341937806 0.0466720000 -0.0246530000 0.9986060000
0.0171644966 -0.0046943365 -0.0345647806 0.0740130000 -0.0246420000 0.9969530000
0.0344344966 -0.0054013365 -0.0305107806 0.9774110000 -0.1297590000 -0.1668220000
-0.0442585034 0.0038346635 -0.0301487806 -0.9832740000 0.1031760000 -0.1500920000
-0.0327825034 0.0049056635 -0.0348967806 -0.1089800000 0.0363480000 0.9933790000
-0.0272215034 0.0040716635 -0.0344437806 -0.0742640000 0.0252060000 0.9969200000
-0.0198015034 0.0037466635 -0.0340367806 -0.0437850000 0.0118050000 0.9989710000
-0.0123325034 0.0037756635 -0.0337927806 -0.0179670000 0.0023840000 0.9998360000
-0.0042095034 0.0038666635 -0.0337637806 0.0060390000 -0.0080100000 0.9999500000
0.0036974966 0.0037816635 -0.0338657806 0.0266670000 -0.0052770000 0.9996300000
0.0109724966 0.0037526635 -0.0341857806 0.0586510000 0.0061700000 0.9982600000
0.0180484966 0.0039826635 -0.0347307806 0.0858280000 0.0094170000 0.9962650000
0.0345104966 0.0035496635 -0.0303157806 0.9797410000 0.1351010000 -0.1478350000
-0.0424705034 0.0118896635 -0.0300807806 -0.9402500000 0.3067470000 -0.1477730000
-0.0268075034 0.0116126635 -0.0346357806 -0.0871100000 0.0467430000 0.9951010000
-0.0200665034 0.0119016635 -0.0342087806 -0.0659110000 0.0325060000 0.9972960000
-0.0122235034 0.0120036635 -0.0338207806 -0.0279950000 0.0133000000 0.9995200000
-0.0040865034 0.0120426635 -0.0336987806 0.0041320000 0.0095980000 0.9999450000
0.0037194966 0.0117486635 -0.0339207806 0.0480760000 0.0169050000 0.9987010000
0.0115354966 0.0119156635 -0.0343947806 0.0704040000 0.0223300000 0.9972690000
0.0180104966 0.0113896635 -0.0347867806 0.0926720000 0.0392450000 0.9949230000
0.0311994966 0.0144346635 -0.0310357806 0.8959070000 0.4267120000 -0.1235630000
0.0328944966 0.0109976635 -0.0299287806 0.9419730000 0.3157350000 -0.1140100000
-0.0407035034 0.0170896635 -0.0290547806 -0.8974730000 0.4260700000 -0.1140490000
-0.0377835034 0.0207276635 -0.0309057806 -0.8267760000 0.4980450000 -0.2615200000
-0.0262265034 0.0175576635 -0.0348197806 -0.0136600000 0.0264540000 0.9995570000
-0.0193755034 0.0196086635 -0.0346027806 -0.0832680000 0.0766900000 0.9935720000
-0.0122285034 0.0197276635 -0.0340967806 -0.0415800000 0.0634340000 0.9971190000
-0.0041525034 0.0198426635 -0.0340167806 0.0081800000 0.0674490000 0.9976890000
0.0035914966 0.0198456635 -0.0342857806 0.0576640000 0.0789780000 0.9952070000
0.0106844966 0.0189476635 -0.0346207806 0.0803770000 0.0830980000 0.9932950000
0.0192534966 0.0190746635 -0.0347857806 0.2308820000 0.1738300000 0.9573280000
0.0285334966 0.0197716635 -0.0302207806 0.8451130000 0.5287470000 -0.0788090000
-0.0344015034 0.0260496635 -0.0300847806 -0.7465900000 0.6430550000 -0.1705380000
-0.0298865034 0.0294626635 -0.0312077806 -0.5721590000 0.7288060000 -0.3761320000
-0.0173545034 0.0251336635 -0.0348147806 -0.0935140000 0.1049090000 0.9900750000
-0.0120775034 0.0259646635 -0.0345797806 -0.0438720000 0.1128420000 0.9926440000
-0.0044515034 0.0265776635 -0.0345657806 0.0195760000 0.1144830000 0.9932320000
0.0029634966 0.0254206635 -0.0347487806 0.0604540000 0.1149880000 0.9915260000
0.0131604966 0.0292886635 -0.0347347806 -0.0716890000 -0.1145470000 0.9908280000
0.0204924966 0.0288176635 -0.0305727806 0.6531680000 0.7543860000 0.0653730000
0.0250504966 0.0252296635 -0.0295397806 0.7466600000 0.6568220000 -0.1052790000
-0.0262405034 0.0331176635 -0.0296967806 -0.5449690000 0.8254110000 -0.1473280000
-0.0201505034 0.0359646635 -0.0304927806 -0.3949640000 0.9114120000 -0.1154600000
-0.0126925034 0.0381416635 -0.0304287806 -0.2059040000 0.9785550000 -0.0058200000
-0.0039635034 0.0384416635 -0.0313937806 0.0171040000 0.9985430000 0.0511820000
0.0039624966 0.0377876635 -0.0303187806 0.2006450000 0.9794500000 -0.0204870000
0.0113314966 0.0349866635 -0.0301867806 0.3849800000 0.9217480000 0.0465910000
0.0161924966 0.0326156635 -0.0293597806 0.5610350000 0.8277100000 0.0116860000
-0.0086715034 0.0399456635 -0.0278677806 -0.1191120000 0.9911000000 -0.0594400000
-0.0047845034 0.0400296635 -0.0282717806 -0.0172640000 0.9966110000 -0.0804310000
-0.0001045034 0.0398616635 -0.0285627806 0.0941680000 0.9922240000 -0.0813860000
-0.0109325034 -0.0406663365 -0.0227767806 -0.1420140000 -0.9896540000 -0.0204450000
-0.0041285034 -0.0410243365 -0.0229537806 0.0173510000 -0.9996460000 -0.0201670000
0.0022484966 -0.0406523365 -0.0229437806 0.1911970000 -0.9813250000 -0.0210990000
-0.0270295034 -0.0342053365 -0.0229047806 -0.5402070000 -0.8413590000 -0.0170640000
-0.0202955034 -0.0377873365 -0.0227297806 -0.3758490000 -0.9264880000 -0.0188880000
-0.0139565034 -0.0396273365 -0.0231697806 -0.2236500000 -0.9744210000 -0.0220080000
0.0054104966 -0.0396183365 -0.0228767806 0.2619190000 -0.9648440000 -0.0217700000
0.0118784966 -0.0373813365 -0.0229197806 0.4277880000 -0.9036690000 -0.0194720000
0.0180284966 -0.0338673365 -0.0229787806 0.5746000000 -0.8182520000 -0.0172720000
-0.0348065034 -0.0273423365 -0.0229667806 -0.7452040000 -0.6665550000 -0.0193820000
-0.0309275034 -0.0311723365 -0.0231277806 -0.6444870000 -0.7643980000 -0.0182220000
0.0221014966 -0.0306213365 -0.0228447806 0.6763060000 -0.7363360000 -0.0204640000
0.0259274966 -0.0265853365 -0.0229517806 0.7752830000 -0.6313030000 -0.0198040000
-0.0409775034 -0.0178633365 -0.0230147806 -0.9051440000 -0.4245510000 -0.0217010000
-0.0387985034 -0.0218733365 -0.0229747806 -0.8497740000 -0.5268120000 -0.0187820000
-0.0169485034 -0.0193903365 -0.0195647806 0.5420480000 0.8400170000 -0.0235780000
-0.0030995034 -0.0229083365 -0.0194247806 -0.0607410000 0.9980810000 0.0120460000
0.0299924966 -0.0205013365 -0.0228637806 0.8717360000 -0.4895390000 -0.0206830000
0.0320834966 -0.0169933365 -0.0224787806 0.9259790000 -0.3770620000 -0.0196460000
-0.0431375034 -0.0120513365 -0.0229677806 -0.9528880000 -0.3026490000 -0.0202190000
-0.0259075034 -0.0124803365 -0.0203837806 0.8961820000 0.4381380000 -0.0699490000
0.0344094966 -0.0116543365 -0.0221877806 0.9282440000 -0.2904360000 0.2324000000
0.0421924966 -0.0091373365 -0.0195687806 -0.2534420000 0.3130650000 0.9152910000
-0.0448025034 -0.0041943365 -0.0227657806 -0.9932420000 -0.1155610000 -0.0107780000
-0.0285385034 -0.0044343365 -0.0193927806 0.9931400000 0.1059920000 -0.0493930000
0.0367624966 -0.0039483365 -0.0213957806 0.5102870000 -0.1555190000 0.8458260000
0.0435864966 -0.0028713365 -0.0212427806 -0.2055820000 -0.3432590000 0.9164660000
0.0497524966 -0.0029663365 -0.0200587806 -0.4498270000 -0.3401710000 0.8257960000
-0.0447085034 0.0037516635 -0.0228277806 -0.9942600000 0.1069060000 -0.0043670000
-0.0279655034 0.0072526635 -0.0206707806 0.8717400000 -0.3057370000 -0.3828750000
0.0181734966 0.0045066635 -0.0205357806 -0.9272020000 -0.2303420000 -0.2953610000
0.0365994966 0.0027216635 -0.0210277806 0.6581810000 -0.2914500000 0.6941580000
0.0425024966 0.0006376635 -0.0195967806 -0.2024900000 -0.6161720000 0.7611370000
0.0494154966 0.0000116635 -0.0195317806 -0.4378820000 -0.5553010000 0.7070360000
-0.0430415034 0.0117776635 -0.0228727806 -0.9555570000 0.2944670000 -0.0141250000
-0.0263385034 0.0119446635 -0.0208497806 0.8262000000 -0.4393550000 -0.3526490000
-0.0233545034 0.0154116635 -0.0194977806 0.7119850000 -0.5696780000 -0.4105420000
0.0155264966 0.0107966635 -0.0191417806 -0.8436120000 -0.4562230000 -0.2831610000
0.0163914966 0.0092786635 -0.0193927806 -0.8760620000 -0.3828720000 -0.2931290000
0.0315164966 0.0152106635 -0.0232367806 0.9049510000 0.4251880000 -0.0166770000
0.0331084966 0.0116466635 -0.0231267806 0.9449640000 0.3269110000 -0.0131380000
-0.0408625034 0.0173906635 -0.0227247806 -0.9002910000 0.4348790000 -0.0188910000
-0.0385375034 0.0212156635 -0.0227357806 -0.8393200000 0.5431780000 -0.0223470000
-0.0254935034 0.0187256635 -0.0247607806 0.6576170000 -0.5128500000 -0.5518380000
-0.0200435034 0.0196586635 -0.0203767806 0.5759100000 -0.7007000000 -0.4211260000
-0.0142795034 0.0229366635 -0.0200057806 0.3942590000 -0.8466180000 -0.3574880000
0.0050934966 0.0228816635 -0.0200807806 -0.4395530000 -0.8149030000 -0.3777910000
0.0112774966 0.0192346635 -0.0215867806 -0.6414820000 -0.6332920000 -0.4329470000
0.0291444966 0.0197636635 -0.0228607806 0.8510960000 0.5249780000 -0.0057680000
-0.0345445034 0.0265816635 -0.0229417806 -0.7527400000 0.6579240000 -0.0227910000
-0.0303535034 0.0304436635 -0.0228117806 -0.6397570000 0.7683640000 -0.0181180000
-0.0042655034 0.0249126635 -0.0197387806 -0.0508760000 -0.9454050000 -0.3219020000
0.0022454966 0.0248756635 -0.0211417806 -0.3171260000 -0.8676640000 -0.3828720000
0.0210894966 0.0293436635 -0.0227797806 0.6468920000 0.7624830000 -0.0122350000
0.0253364966 0.0253016635 -0.0231967806 0.7510850000 0.6599180000 -0.0194780000
-0.0265095034 0.0334596635 -0.0229237806 -0.5535250000 0.8325190000 -0.0228490000
-0.0201875034 0.0365176635 -0.0229947806 -0.3910390000 0.9203090000 -0.0109810000
-0.0124815034 0.0388606635 -0.0227737806 -0.2009610000 0.9795530000 -0.0094710000
-0.0036275034 0.0388076635 -0.0237367806 0.0282870000 0.9993610000 -0.0218440000
0.0041054966 0.0383506635 -0.0229297806 0.2130820000 0.9769600000 -0.0120460000
0.0114164966 0.0357126635 -0.0228747806 0.3912970000 0.9201840000 -0.0121620000
0.0170184966 0.0325246635 -0.0228287806 0.5374260000 0.8430950000 -0.0190850000
-0.0083785034 0.0399416635 -0.0242937806 -0.1079820000 0.9941360000 -0.0058400000
-0.0044265034 0.0400786635 -0.0229497806 -0.0076710000 0.9999510000 -0.0063320000
0.0001724966 0.0398896635 -0.0227217806 0.0852770000 0.9962710000 -0.0131060000
-0.0166305034 -0.0401813365 -0.0186987806 -0.2637180000 -0.9644120000 -0.0190260000
-0.0109515034 -0.0407193365 -0.0148017806 -0.1471290000 -0.9890670000 -0.0100110000
-0.0041265034 -0.0411333365 -0.0148317806 0.0186550000 -0.9997860000 -0.0089740000
0.0022864966 -0.0407213365 -0.0148847806 0.1932300000 -0.9811100000 -0.0092170000
-0.0271655034 -0.0342413365 -0.0148857806 -0.5428550000 -0.8397320000 -0.0126070000
-0.0200255034 -0.0379903365 -0.0149097806 -0.3694910000 -0.9292060000 -0.0072230000
-0.0141655034 -0.0396573365 -0.0150757806 -0.2309640000 -0.9729210000 -0.0089450000
0.0058034966 -0.0396263365 -0.0150377806 0.2753030000 -0.9613230000 -0.0081450000
0.0118294966 -0.0374973365 -0.0149767806 0.4231320000 -0.9060090000 -0.0103910000
0.0182874966 -0.0338183365 -0.0149497806 0.5811490000 -0.8136550000 -0.0152450000
-0.0349795034 -0.0273263365 -0.0148917806 -0.7465790000 -0.6650370000 -0.0185900000
-0.0309855034 -0.0312003365 -0.0149497806 -0.6472360000 -0.7621130000 -0.0164170000
0.0221934966 -0.0306613365 -0.0150337806 0.6715210000 -0.7409010000 -0.0111890000
0.0259124966 -0.0267623365 -0.0149077806 0.7716850000 -0.6359210000 -0.0103030000
-0.0411165034 -0.0180743365 -0.0147537806 -0.9011380000 -0.4329200000 -0.0230530000
-0.0388755034 -0.0219903365 -0.0149817806 -0.8470110000 -0.5311280000 -0.0218210000
-0.0184265034 -0.0173053365 -0.0116997806 0.5756700000 0.7130790000 0.4001530000
-0.0128575034 -0.0198773365 -0.0134227806 0.3915670000 0.8706580000 0.2977070000
-0.0043885034 -0.0217473365 -0.0130527806 0.0067590000 0.9603350000 0.2787670000
0.0033254966 -0.0201993365 -0.0141407806 -0.3586500000 0.9098150000 0.2088210000
0.0081584966 -0.0184023365 -0.0171117806 -0.5026880000 0.8394910000 0.2063000000
0.0299444966 -0.0207913365 -0.0150247806 0.8740030000 -0.4858940000 -0.0050130000
0.0321574966 -0.0168153365 -0.0147157806 0.9293400000 -0.3692000000 -0.0042490000
-0.0432465034 -0.0122563365 -0.0147457806 -0.9556630000 -0.2937370000 -0.0206610000
-0.0255035034 -0.0092773365 -0.0149267806 0.9316130000 0.3624770000 -0.0266050000
-0.0214055034 -0.0130993365 -0.0126047806 0.7794350000 0.5563040000 0.2881100000
0.0116134966 -0.0136993365 -0.0142617806 -0.7099060000 0.6749830000 0.2010770000
0.0158584966 -0.0089413365 -0.0140577806 -0.8421940000 0.3965470000 0.3653220000
0.0318204966 -0.0158543365 -0.0163957806 0.9268660000 -0.3753390000 -0.0063930000
0.0335334966 -0.0121483365 -0.0150287806 0.9537240000 -0.2994960000 0.0266880000
0.0446844966 -0.0089903365 -0.0179307806 -0.2878170000 0.0715590000 0.9550080000
0.0517434966 -0.0091853365 -0.0144657806 -0.5619370000 -0.4546820000 0.6910070000
0.0568654966 -0.0093723365 -0.0119037806 0.2573750000 -0.9115480000 -0.3206840000
-0.0448405034 -0.0040703365 -0.0148487806 -0.9945610000 -0.1033690000 -0.0127760000
-0.0262775034 -0.0031453365 -0.0129267806 0.9907950000 0.0878020000 0.1030290000
0.0152424966 -0.0073243365 -0.0124127806 -0.9080970000 0.4088420000 0.0906040000
0.0164914966 -0.0024923365 -0.0132907806 -0.9909860000 0.1187420000 0.0620230000
0.0349654966 -0.0045863365 -0.0148727806 0.9923230000 -0.0999340000 0.0728550000
0.0449964966 -0.0058473365 -0.0180007806 -0.3318600000 0.1275600000 0.9346640000
0.0523764966 -0.0030683365 -0.0160727806 -0.6382640000 -0.3467870000 0.6872830000
0.0572564966 -0.0033503365 -0.0133397806 -0.9410800000 -0.0642350000 0.3320290000
-0.0447395034 0.0038536635 -0.0149927806 -0.9946510000 0.1026740000 -0.0112670000
-0.0261865034 0.0040996635 -0.0136017806 0.9787650000 -0.1960800000 -0.0597650000
0.0153614966 0.0063866635 -0.0122387806 -0.9453230000 -0.3253690000 0.0223390000
0.0166234966 0.0034676635 -0.0147187806 -0.9840310000 -0.1567630000 -0.0843150000
0.0349574966 0.0035826635 -0.0153417806 0.9885210000 0.0532740000 0.1413770000
0.0444464966 0.0009386635 -0.0179297806 -0.2469510000 -0.6759150000 0.6943730000
0.0513704966 0.0007986635 -0.0148127806 -0.5086910000 -0.6472310000 0.5677360000
0.0571564966 0.0005826635 -0.0121897806 0.3805550000 0.7970530000 -0.4689190000
-0.0430395034 0.0118986635 -0.0149737806 -0.9558680000 0.2933490000 -0.0162230000
-0.0250795034 0.0095166635 -0.0150927806 0.9048940000 -0.3851540000 -0.1811730000
-0.0221745034 0.0135856635 -0.0134267806 0.7788560000 -0.6163920000 -0.1159490000
0.0128204966 0.0121366635 -0.0139677806 -0.8303290000 -0.5466240000 -0.1084260000
0.0162024966 0.0083346635 -0.0168237806 -0.9282240000 -0.3493160000 -0.1279820000
0.0315444966 0.0152336635 -0.0152877806 0.8955580000 0.4447400000 -0.0134780000
0.0332344966 0.0114616635 -0.0146297806 0.9482280000 0.3175910000 -0.0001990000
-0.0409585034 0.0174546635 -0.0147437806 -0.9012630000 0.4327640000 -0.0209840000
-0.0386105034 0.0213656635 -0.0150767806 -0.8501970000 0.5263010000 -0.0131100000
-0.0186105034 0.0177016635 -0.0147897806 0.5989630000 -0.7746820000 -0.2027610000
-0.0122475034 0.0208866635 -0.0136827806 0.3497470000 -0.9293350000 -0.1183760000
-0.0041255034 0.0224886635 -0.0138397806 -0.0271120000 -0.9923370000 -0.1205480000
0.0038304966 0.0207326635 -0.0140937806 -0.4587600000 -0.8748640000 -0.1554080000
0.0090834966 0.0173216635 -0.0147587806 -0.7036970000 -0.6970090000 -0.1378000000
0.0290204966 0.0201136635 -0.0146217806 0.8416220000 0.5400170000 -0.0073410000
0.0320194966 0.0169776635 -0.0164537806 0.7714540000 0.5234430000 0.3617550000
-0.0347815034 0.0265426635 -0.0148797806 -0.7575820000 0.6525200000 -0.0169500000
-0.0306165034 0.0304546635 -0.0151027806 -0.6412860000 0.7671780000 -0.0138030000
-0.0089235034 0.0241446635 -0.0184907806 0.1685510000 -0.9392520000 -0.2989930000
-0.0016515034 0.0241486635 -0.0184017806 -0.1373130000 -0.9269570000 -0.3491370000
0.0001254966 0.0241086635 -0.0188997806 -0.2168240000 -0.9176390000 -0.3330550000
0.0209614966 0.0294686635 -0.0147377806 0.6396840000 0.7686350000 -0.0022400000
0.0252584966 0.0254476635 -0.0149497806 0.7424690000 0.6698250000 0.0085490000
-0.0266835034 0.0334736635 -0.0149267806 -0.5483530000 0.8361460000 -0.0130040000
-0.0200905034 0.0366176635 -0.0150317806 -0.3768330000 0.9261800000 -0.0136980000
-0.0120505034 0.0388906635 -0.0150077806 -0.1890280000 0.9819450000 -0.0072660000
-0.0037265034 0.0387276635 -0.0153657806 0.0272580000 0.9996270000 -0.0014320000
0.0038044966 0.0384506635 -0.0149147806 0.2048350000 0.9787960000 -0.0009890000
0.0118654966 0.0355396635 -0.0151047806 0.3897490000 0.9209200000 0.0013310000
0.0168324966 0.0326466635 -0.0151967806 0.5323320000 0.8465260000 -0.0040760000
-0.0047425034 0.0400616635 -0.0151597806 -0.0143310000 0.9998970000 0.0004020000
0.0001464966 0.0398836635 -0.0183167806 0.1127720000 0.9935780000 0.0092900000
-0.0164095034 -0.0402783365 -0.0076607806 -0.2694870000 -0.9629430000 -0.0108200000
-0.0111175034 -0.0407523365 -0.0070257806 -0.1454120000 -0.9893480000 -0.0067830000
-0.0041495034 -0.0411813365 -0.0068937806 0.0162490000 -0.9998600000 -0.0039330000
0.0024964966 -0.0407253365 -0.0068397806 0.1927860000 -0.9812280000 -0.0049810000
-0.0272165034 -0.0343033365 -0.0069977806 -0.5378790000 -0.8429590000 -0.0102940000
-0.0202645034 -0.0379523365 -0.0069327806 -0.3719960000 -0.9281940000 -0.0085990000
-0.0142935034 -0.0397463365 -0.0071787806 -0.2385730000 -0.9710680000 -0.0104990000
0.0057764966 -0.0396603365 -0.0071877806 0.2722390000 -0.9622150000 -0.0052540000
0.0118414966 -0.0375623365 -0.0069757806 0.4196940000 -0.9076450000 -0.0061610000
0.0182634966 -0.0339483365 -0.0067727806 0.5815460000 -0.8134840000 -0.0069720000
-0.0351065034 -0.0274433365 -0.0069317806 -0.7427800000 -0.6693400000 -0.0161880000
-0.0311045034 -0.0313763365 -0.0071687806 -0.6420220000 -0.7665360000 -0.0152010000
-0.0097965034 -0.0244383365 -0.0033197806 0.2091770000 0.7565960000 0.6195220000
-0.0042885034 -0.0244683365 -0.0041697806 -0.0227490000 0.8156000000 0.5781680000
0.0003144966 -0.0243533365 -0.0030487806 -0.2014870000 0.7457730000 0.6350010000
0.0222874966 -0.0306173365 -0.0068887806 0.6738780000 -0.7388160000 -0.0061870000
0.0259464966 -0.0268363365 -0.0068687806 0.7738250000 -0.6333310000 -0.0093610000
-0.0412145034 -0.0183033365 -0.0066497806 -0.9000170000 -0.4354330000 -0.0191820000
-0.0389525034 -0.0222303365 -0.0069217806 -0.8439440000 -0.5360970000 -0.0189270000
-0.0187365034 -0.0184653365 -0.0052827806 0.5341030000 0.6263110000 0.5678630000
-0.0122855034 -0.0216773365 -0.0061827806 0.3283110000 0.7692670000 0.5481250000
-0.0039075034 -0.0222633365 -0.0067177806 -0.0471130000 0.7982590000 0.6004690000
0.0040614966 -0.0204893365 -0.0059967806 -0.3186390000 0.7519610000 0.5770810000
0.0101834966 -0.0180513365 -0.0051947806 -0.4909150000 0.6343600000 0.5971520000
0.0300094966 -0.0207723365 -0.0070497806 0.8726410000 -0.4882970000 -0.0079210000
0.0321624966 -0.0170113365 -0.0068287806 0.9300060000 -0.3673600000 -0.0116220000
-0.0434635034 -0.0121743365 -0.0067217806 -0.9573060000 -0.2878690000 -0.0264020000
-0.0256475034 -0.0101963365 -0.0047467806 0.7596190000 0.3426540000 0.5527810000
-0.0220745034 -0.0134593365 -0.0069247806 0.7029640000 0.4907510000 0.5147860000
0.0136114966 -0.0123453365 -0.0059317806 -0.6921340000 0.4573940000 0.5583380000
0.0163754966 -0.0103923365 -0.0046507806 -0.7239410000 0.3519770000 0.5933140000
0.0335834966 -0.0122763365 -0.0068787806 0.9627690000 -0.2702830000 -0.0047480000
0.0552364966 -0.0089753365 -0.0095357806 -0.6893140000 -0.6146480000 0.3834760000
0.0586684966 -0.0093923365 -0.0066847806 -0.1438260000 -0.9895410000 0.0110280000
-0.0450135034 -0.0040943365 -0.0067987806 -0.9954010000 -0.0939030000 -0.0189300000
-0.0270955034 -0.0037493365 -0.0059647806 0.8875240000 0.1208280000 0.4446360000
-0.0241055034 -0.0069673365 -0.0090547806 0.8295240000 0.2194070000 0.5135670000
0.0153474966 -0.0060663365 -0.0082977806 -0.8762400000 0.2801960000 0.3920390000
0.0174594966 -0.0038133365 -0.0056257806 -0.8385440000 0.1855160000 0.5122780000
0.0350504966 -0.0047243365 -0.0068207806 0.9956650000 -0.0929190000 -0.0041980000
0.0551374966 -0.0074933365 -0.0097827806 -0.8984620000 0.0601420000 0.4349120000
0.0600614966 -0.0044893365 -0.0060617806 0.6648830000 -0.5771670000 -0.4741400000
-0.0449195034 0.0039026635 -0.0070407806 -0.9955180000 0.0897180000 -0.0299140000
-0.0266275034 0.0041316635 -0.0063667806 0.9105830000 -0.2044360000 0.3592270000
-0.0241395034 0.0060456635 -0.0078167806 0.7758560000 -0.2281300000 0.5882210000
0.0152354966 0.0067176635 -0.0088847806 -0.8919050000 -0.3522540000 0.2835890000
0.0174994966 0.0036806635 -0.0060357806 -0.8694500000 -0.1717350000 0.4632100000
0.0349944966 0.0035946635 -0.0069687806 0.9959220000 0.0896750000 -0.0099200000
0.0553454966 0.0010606635 -0.0102147806 -0.9037240000 -0.3095280000 0.2957620000
0.0591534966 0.0007586635 -0.0068117806 -0.8602900000 0.5042150000 0.0752820000
-0.0433575034 0.0117196635 -0.0068887806 -0.9566660000 0.2893570000 -0.0325890000
-0.0251625034 0.0101326635 -0.0053887806 0.8286540000 -0.3735580000 0.4168780000
-0.0224065034 0.0134256635 -0.0068107806 0.7401470000 -0.5703400000 0.3562240000
0.0128644966 0.0124966635 -0.0066237806 -0.7403360000 -0.5554750000 0.3786170000
0.0164224966 0.0094016635 -0.0042227806 -0.7522430000 -0.3822780000 0.5366500000
0.0317664966 0.0149026635 -0.0086887806 0.9004540000 0.4344960000 -0.0199110000
0.0331304966 0.0118756635 -0.0068437806 0.9449540000 0.3270180000 -0.0109930000
-0.0411205034 0.0175536635 -0.0067407806 -0.9051540000 0.4244170000 -0.0238080000
-0.0387255034 0.0216316635 -0.0071907806 -0.8461800000 0.5322680000 -0.0259010000
-0.0187115034 0.0178596635 -0.0056467806 0.5503030000 -0.7047500000 0.4477650000
-0.0121735034 0.0212956635 -0.0060787806 0.3123500000 -0.8497990000 0.4245920000
-0.0041945034 0.0224876635 -0.0066577806 -0.0311600000 -0.9348100000 0.3537780000
0.0040574966 0.0205866635 -0.0063617806 -0.4488940000 -0.8237030000 0.3464220000
0.0093544966 0.0173926635 -0.0053407806 -0.6259070000 -0.6476150000 0.4345510000
0.0294794966 0.0196486635 -0.0069547806 0.8606110000 0.5091650000 0.0100030000
0.0327734966 0.0159196635 -0.0055277806 0.9409010000 0.1417130000 0.3076070000
-0.0348665034 0.0267236635 -0.0068417806 -0.7541000000 0.6563590000 -0.0229480000
-0.0305575034 0.0306536635 -0.0070917806 -0.6438150000 0.7651420000 0.0078120000
-0.0092005034 0.0242576635 -0.0033887806 0.1583330000 -0.7468990000 0.6458120000
-0.0045775034 0.0243566635 -0.0036017806 -0.0225860000 -0.8092240000 0.5870650000
0.0005464966 0.0241926635 -0.0031737806 -0.2156810000 -0.7907270000 0.5729160000
0.0212114966 0.0293496635 -0.0068797806 0.6496440000 0.7601620000 0.0108200000
0.0254834966 0.0252756635 -0.0068147806 0.7514960000 0.6597130000 0.0057400000
-0.0269865034 0.0333716635 -0.0068767806 -0.5498790000 0.8351830000 -0.0101510000
-0.0202515034 0.0368156635 -0.0070217806 -0.3893990000 0.9208520000 -0.0199950000
-0.0124335034 0.0389136635 -0.0072097806 -0.1870200000 0.9823250000 -0.0078260000
-0.0036155034 0.0388176635 -0.0074777806 0.0345560000 0.9993340000 -0.0116860000
0.0039354966 0.0384436635 -0.0069917806 0.2085530000 0.9780110000 0.0002960000
0.0117954966 0.0354796635 -0.0069247806 0.4012940000 0.9159320000 0.0056300000
0.0169174966 0.0326416635 -0.0068607806 0.5333890000 0.8446270000 0.0458450000
-0.0088635034 0.0399586635 -0.0059507806 -0.1077490000 0.9939930000 -0.0191690000
-0.0042305034 0.0401156635 -0.0071307806 0.0071390000 0.9998900000 -0.0129670000
-0.0164745034 -0.0401853365 0.0027312194 -0.2655750000 -0.9640770000 0.0050810000
-0.0111215034 -0.0407763365 0.0010172194 -0.1346280000 -0.9893710000 0.0549670000
-0.0040365034 -0.0412303365 0.0010862194 0.0151820000 -0.9969380000 0.0767060000
0.0025254966 -0.0407053365 0.0012722194 0.1821620000 -0.9826690000 0.0343440000
-0.0272845034 -0.0341813365 0.0014412194 -0.5384180000 -0.8386160000 0.0826360000
-0.0201565034 -0.0373563365 0.0016492194 -0.3305020000 -0.9145020000 0.2333550000
-0.0134185034 -0.0380863365 0.0015752194 -0.0670560000 -0.7829430000 0.6184690000
-0.0040245034 -0.0356363365 0.0016112194 -0.0809660000 0.0897390000 0.9926690000
0.0052144966 -0.0380663365 0.0018522194 0.1678610000 -0.7394110000 0.6519930000
0.0118234966 -0.0369823365 0.0014402194 0.4502820000 -0.8546530000 0.2584830000
0.0182504966 -0.0338613365 0.0014352194 0.6045060000 -0.7788790000 0.1670940000
-0.0350715034 -0.0272863365 0.0015082194 -0.7184770000 -0.6483460000 0.2518690000
-0.0292045034 -0.0291433365 0.0023122194 -0.3391220000 -0.1930330000 0.9207250000
-0.0202025034 -0.0278753365 0.0026662194 0.2107600000 0.3500980000 0.9126950000
-0.0122345034 -0.0277863365 0.0002592194 0.2369290000 0.5069480000 0.8287750000
-0.0038945034 -0.0282183365 -0.0004457806 -0.0327620000 0.5563400000 0.8303080000
0.0037664966 -0.0278163365 0.0005582194 -0.1414360000 0.4732730000 0.8694870000
0.0116154966 -0.0278333365 0.0015812194 -0.0381590000 0.2364440000 0.9708960000
0.0208784966 -0.0293173365 0.0011872194 0.4103130000 -0.4189250000 0.8100280000
0.0258874966 -0.0267483365 0.0013512194 0.7304130000 -0.6336880000 0.2548250000
-0.0412895034 -0.0183933365 0.0016952194 -0.8787240000 -0.4673470000 0.0971180000
-0.0372865034 -0.0206213365 0.0022492194 -0.2374680000 -0.3256330000 0.9151900000
-0.0282225034 -0.0197793365 0.0017862194 0.2667490000 0.2156650000 0.9393260000
-0.0210365034 -0.0209343365 -0.0007597806 0.4340510000 0.5224120000 0.7339520000
-0.0146205034 -0.0234943365 -0.0021567806 0.3366810000 0.6779110000 0.6535160000
-0.0009725034 -0.0233173365 -0.0027127806 -0.2097630000 0.6694450000 0.7126310000
0.0051704966 -0.0230293365 -0.0016907806 -0.2489710000 0.6314150000 0.7343890000
0.0124464966 -0.0206843365 -0.0006267806 -0.3557880000 0.4237620000 0.8329710000
0.0196474966 -0.0195933365 0.0014842194 -0.2669790000 0.0821010000 0.9601990000
0.0287354966 -0.0203553365 0.0019482194 0.5251350000 -0.4428150000 0.7267390000
0.0321924966 -0.0168343365 0.0013232194 0.9349180000 -0.3540700000 0.0237220000
-0.0431715034 -0.0119503365 0.0019482194 -0.9285890000 -0.2795400000 0.2440900000
-0.0360115034 -0.0119073365 0.0033362194 0.3367960000 0.0602940000 0.9396450000
-0.0290385034 -0.0121533365 -0.0000277806 0.5651890000 0.2429790000 0.7883670000
-0.0235215034 -0.0153623365 -0.0021887806 0.6170770000 0.4297490000 0.6591900000
0.0148384966 -0.0150593365 -0.0020137806 -0.5694220000 0.4134540000 0.7105030000
0.0201384966 -0.0119563365 0.0002742194 -0.5085400000 0.2455490000 0.8252840000
0.0274184966 -0.0122373365 0.0030252194 -0.2146740000 0.1758140000 0.9607310000
0.0335204966 -0.0117693365 0.0017822194 0.9132600000 -0.1310330000 0.3857290000
0.0607714966 -0.0096753365 0.0011992194 0.0613700000 -0.9969610000 -0.0479920000
0.0640504966 -0.0088623365 0.0034012194 0.9613820000 -0.2639620000 -0.0779050000
-0.0438735034 -0.0040373365 0.0024082194 -0.6108770000 0.0687290000 0.7887370000
-0.0358515034 -0.0042893365 0.0026212194 0.3494170000 0.0711690000 0.9342600000
-0.0302175034 -0.0041993365 -0.0008827806 0.6932110000 0.0744540000 0.7168780000
0.0213214966 -0.0042683365 -0.0008247806 -0.5904800000 0.1394930000 0.7949050000
0.0275464966 -0.0040903365 0.0015212194 -0.1213300000 0.1330020000 0.9836610000
0.0344674966 -0.0041723365 0.0014152194 0.3112630000 0.1248290000 0.9420900000
0.0558504966 -0.0036673365 -0.0012587806 -0.9238130000 -0.3540660000 0.1456290000
0.0582664966 -0.0051233365 0.0004292194 -0.8664620000 -0.4893390000 0.0989500000
0.0644444966 -0.0042653365 0.0019212194 0.9912470000 -0.0553080000 -0.1198800000
-0.0439575034 0.0038496635 0.0021812194 -0.5671670000 -0.0175090000 0.8234170000
-0.0358325034 0.0038586635 0.0025792194 0.2963410000 -0.0661040000 0.9527920000
-0.0298765034 0.0043636635 -0.0007187806 0.6699260000 -0.1356410000 0.7299320000
0.0213284966 0.0042096635 -0.0007897806 -0.5875590000 -0.1490720000 0.7953320000
0.0275474966 0.0040006635 0.0014432194 -0.1050940000 -0.1346080000 0.9853100000
0.0342514966 0.0036266635 0.0015252194 -0.2155340000 -0.2085940000 0.9539570000
0.0619524966 0.0008416635 0.0011122194 0.4064700000 0.9126170000 -0.0437230000
0.0644174966 0.0005646635 0.0041172194 0.8440080000 0.5345630000 0.0435060000
-0.0428105034 0.0115786635 0.0022432194 -0.7855730000 0.1484560000 0.6006960000
-0.0357695034 0.0118816635 0.0033092194 0.2672330000 -0.0958320000 0.9588550000
-0.0286095034 0.0121596635 0.0000782194 0.5657800000 -0.2458590000 0.7870490000
-0.0235595034 0.0151416635 -0.0019417806 0.5662540000 -0.4261610000 0.7055090000
0.0144464966 0.0144426635 -0.0020007806 -0.5724070000 -0.4678760000 0.6733820000
0.0198394966 0.0120166635 0.0004502194 -0.4971480000 -0.2791380000 0.8215380000
0.0276564966 0.0119386635 0.0031062194 -0.1863160000 -0.2295290000 0.9553020000
0.0329744966 0.0112786635 0.0022962194 0.2998970000 -0.1254620000 0.9456850000
-0.0412255034 0.0176976635 0.0014422194 -0.8965830000 0.4407810000 0.0430130000
-0.0363825034 0.0200186635 0.0031402194 0.1254200000 0.0366510000 0.9914270000
-0.0279255034 0.0196936635 0.0016932194 0.3402550000 -0.2054120000 0.9176230000
-0.0207355034 0.0207366635 -0.0009337806 0.3972640000 -0.4665990000 0.7902320000
-0.0141655034 0.0228116635 -0.0021677806 0.2730620000 -0.6121900000 0.7420660000
-0.0017285034 0.0234786635 -0.0026817806 -0.1704900000 -0.7683810000 0.6168670000
0.0050814966 0.0226046635 -0.0017137806 -0.3381830000 -0.6685770000 0.6622970000
0.0121074966 0.0202276635 -0.0001927806 -0.3722600000 -0.4369820000 0.8188220000
0.0195674966 0.0195476635 0.0019962194 -0.2408280000 -0.0778510000 0.9674400000
0.0274254966 0.0196996635 0.0029062194 -0.1087420000 0.1326430000 0.9851810000
0.0326604966 0.0161066635 0.0020732194 0.9883820000 -0.1321290000 0.0751260000
-0.0345815034 0.0265186635 0.0021522194 -0.4697140000 0.4764590000 0.7432060000
-0.0282425034 0.0280986635 0.0027472194 0.1147000000 -0.2076640000 0.9714520000
-0.0199145034 0.0277416635 0.0016902194 0.1858160000 -0.3241670000 0.9275710000
-0.0122385034 0.0276416635 0.0001652194 0.1411020000 -0.4719990000 0.8702340000
-0.0039855034 0.0278346635 0.0000032194 -0.0948690000 -0.5420390000 0.8349810000
0.0036514966 0.0276176635 0.0013522194 -0.2034890000 -0.4905130000 0.8473420000
0.0115654966 0.0276756635 0.0023522194 -0.0015670000 -0.2674030000 0.9635830000
0.0198464966 0.0280436635 0.0020222194 -0.1374610000 -0.2123180000 0.9674840000
0.0251544966 0.0253216635 0.0024042194 -0.3651740000 -0.0462540000 0.9297900000
-0.0264565034 0.0333256635 0.0022042194 -0.4958560000 0.6678460000 0.5550750000
-0.0198495034 0.0349126635 0.0029352194 -0.0076730000 -0.1625480000 0.9866710000
-0.0121185034 0.0358786635 0.0025052194 0.1698360000 -0.2711540000 0.9474340000
-0.0041725034 0.0360586635 0.0025162194 -0.1063640000 -0.3203320000 0.9413150000
0.0033534966 0.0354226635 0.0033712194 -0.2318600000 -0.1837440000 0.9552380000
0.0117364966 0.0340286635 0.0030832194 0.1709460000 -0.2664420000 0.9485710000
0.0168464966 0.0326326635 0.0026402194 -0.0832600000 -0.5305590000 0.8435490000
-0.0091935034 0.0400366635 0.0010972194 -0.1140460000 0.9934210000 -0.0103600000
-0.0038785034 0.0402196635 0.0009542194 0.0189640000 0.9997250000 -0.0137770000
-0.0166575034 -0.0402133365 0.0083142194 -0.2541940000 -0.9671510000 -0.0020880000
-0.0111395034 -0.0407883365 0.0091182194 -0.1421880000 -0.9897520000 0.0131840000
-0.0042075034 -0.0412903365 0.0091702194 0.0130320000 -0.9999110000 0.0028620000
0.0026554966 -0.0407793365 0.0090412194 0.1918890000 -0.9812470000 0.0182620000
-0.0273235034 -0.0343643365 0.0090222194 -0.5416850000 -0.8364250000 0.0834850000
-0.0201645034 -0.0380433365 0.0089862194 -0.3483830000 -0.9343580000 0.0748670000
-0.0143795034 -0.0397823365 0.0090072194 -0.2278130000 -0.9736390000 0.0112980000
-0.0014645034 -0.0400153365 0.0108212194 -0.1106200000 0.9937200000 0.0168290000
0.0057444966 -0.0395703365 0.0089812194 0.3027460000 -0.9519690000 0.0458190000
0.0118864966 -0.0375773365 0.0090402194 0.4329680000 -0.9008380000 0.0320770000
0.0182404966 -0.0339743365 0.0091272194 0.5890620000 -0.8078230000 0.0207150000
-0.0352745034 -0.0275253365 0.0090922194 -0.7307320000 -0.6808830000 0.0492860000
-0.0313585034 -0.0312413365 0.0090522194 -0.6397680000 -0.7652480000 0.0713610000
0.0222444966 -0.0306383365 0.0088912194 0.6691230000 -0.7420010000 0.0413520000
0.0259624966 -0.0268323365 0.0091382194 0.7756110000 -0.6308030000 0.0227120000
-0.0413325034 -0.0184343365 0.0091812194 -0.8437100000 -0.5027090000 0.1882490000
-0.0390965034 -0.0224163365 0.0091022194 -0.8276650000 -0.5583070000 0.0571360000
0.0300754966 -0.0206753365 0.0089112194 0.8369570000 -0.5068790000 0.2063420000
0.0322364966 -0.0170493365 0.0091422194 0.9123340000 -0.3942990000 0.1103390000
-0.0435475034 -0.0120053365 0.0087222194 -0.6317540000 -0.2297150000 0.7403500000
0.0318364966 -0.0159053365 0.0105802194 -0.9182650000 0.3958400000 0.0099890000
0.0336804966 -0.0121583365 0.0089912194 0.9528290000 -0.1497890000 0.2639710000
0.0614624966 -0.0097973365 0.0092742194 0.2884060000 -0.9572950000 0.0202250000
0.0640724966 -0.0087203365 0.0075852194 0.9384880000 -0.3421760000 0.0464320000
-0.0451605034 -0.0042323365 0.0090272194 -0.9238980000 -0.0584110000 0.3781550000
0.0350494966 -0.0042893365 0.0089882194 -0.9874790000 0.0799780000 0.1359710000
0.0591794966 -0.0057453365 0.0094652194 -0.4489480000 -0.8930320000 0.0306470000
0.0644924966 -0.0043063365 0.0090102194 0.9926320000 -0.0767020000 0.0937960000
-0.0450225034 0.0037906635 0.0090972194 -0.6530720000 -0.1352570000 0.7451190000
0.0349344966 0.0037286635 0.0091762194 -0.9939570000 -0.1043090000 0.0341840000
0.0627244966 0.0010936635 0.0098182194 0.8987490000 0.4209180000 0.1227930000
0.0641934966 0.0004826635 0.0092482194 0.9637450000 0.2527340000 0.0855680000
-0.0433355034 0.0119516635 0.0088202194 -0.1007890000 -0.3175990000 0.9428540000
0.0316284966 0.0155036635 0.0086212194 -0.8737150000 -0.4305420000 0.2263980000
0.0332224966 0.0116986635 0.0090532194 -0.9418860000 -0.2974180000 0.1561830000
-0.0410755034 0.0178006635 0.0092402194 -0.6969060000 0.2801010000 0.6602010000
-0.0386895034 0.0215016635 0.0088882194 0.8331850000 -0.4804430000 0.2738200000
0.0292104966 0.0200856635 0.0089702194 -0.8408140000 -0.4950640000 0.2189610000
0.0321194966 0.0160926635 0.0086072194 -0.6552200000 -0.5452890000 0.5228250000
-0.0348245034 0.0266036635 0.0090622194 0.6200110000 -0.7454120000 0.2448410000
-0.0303055034 0.0303406635 0.0090352194 0.5819890000 -0.8034350000 0.1256230000
0.0209534966 0.0294166635 0.0091922194 -0.6439650000 -0.7644720000 0.0298410000
0.0252174966 0.0255416635 0.0090582194 -0.7495820000 -0.6579990000 0.0718620000
-0.0264805034 0.0333366635 0.0090092194 0.4271800000 -0.8478460000 0.3141240000
-0.0200875034 0.0362346635 0.0088922194 0.3202720000 -0.9199820000 0.2259630000
-0.0124835034 0.0382896635 0.0089012194 0.1763460000 -0.9778670000 0.1125970000
-0.0041875034 0.0388276635 0.0090422194 -0.0473300000 -0.9970580000 0.0602960000
0.0041544966 0.0377256635 0.0086802194 -0.2773040000 -0.9188840000 0.2806330000
0.0115654966 0.0353486635 0.0088692194 -0.3641760000 -0.9014930000 0.2338510000
0.0169674966 0.0327206635 0.0090012194 -0.5344850000 -0.8428020000 0.0633250000
-0.0095965034 0.0400176635 0.0088952194 -0.1302710000 0.9914780000 0.0007140000
-0.0042415034 0.0402756635 0.0089712194 0.0020340000 0.9999960000 -0.0021490000
0.0000304966 0.0400976635 0.0113972194 0.0969980000 0.9952780000 0.0035950000
-0.0163635034 -0.0402933365 0.0170992194 -0.2667830000 -0.9637240000 -0.0078990000
-0.0113495034 -0.0408233365 0.0169192194 -0.1522240000 -0.9882710000 -0.0121980000
-0.0041665034 -0.0413253365 0.0173112194 0.0339650000 -0.9994140000 -0.0041600000
0.0027024966 -0.0407693365 0.0168972194 0.2010220000 -0.9795840000 -0.0021950000
-0.0273665034 -0.0343523365 0.0170012194 -0.5276840000 -0.8494370000 0.0023510000
-0.0202135034 -0.0380713365 0.0171622194 -0.3674780000 -0.9300260000 -0.0034620000
-0.0143265034 -0.0397963365 0.0169772194 -0.2503610000 -0.9681430000 -0.0043410000
-0.0027375034 -0.0400983365 0.0171922194 -0.0541410000 0.9984500000 0.0128970000
0.0056044966 -0.0396303365 0.0170882194 0.2905930000 -0.9568470000 0.0002420000
0.0118624966 -0.0376123365 0.0172092194 0.4182290000 -0.9083390000 -0.0022980000
0.0182794966 -0.0339373365 0.0172612194 0.5939440000 -0.8044950000 -0.0042320000
-0.0352315034 -0.0275033365 0.0170912194 -0.7266490000 -0.6869910000 0.0049910000
-0.0311805034 -0.0314183365 0.0172772194 -0.6356070000 -0.7719760000 0.0075340000
0.0221694966 -0.0306443365 0.0172122194 0.6993300000 -0.7146790000 0.0131110000
0.0260944966 -0.0267203365 0.0172572194 0.7876800000 -0.6160560000 0.0059900000
-0.0413615034 -0.0184183365 0.0169652194 -0.8893750000 -0.4571520000 0.0048420000
-0.0390945034 -0.0223373365 0.0170012194 -0.8261700000 -0.5633330000 0.0099870000
0.0299914966 -0.0208113365 0.0171932194 0.8639720000 -0.5030580000 0.0220300000
0.0322474966 -0.0169463365 0.0172002194 0.9275810000 -0.3735630000 0.0066090000
-0.0436885034 -0.0121433365 0.0169872194 -0.9417740000 -0.3357010000 0.0191380000
0.0318194966 -0.0158313365 0.0172772194 -0.9197920000 0.3924060000 0.0005560000
0.0336844966 -0.0121913365 0.0171932194 0.9733170000 -0.2199770000 0.0652980000
0.0603934966 -0.0096913365 0.0170642194 0.5474770000 -0.8165820000 0.1829290000
-0.0451445034 -0.0041453365 0.0170882194 -0.9806710000 -0.1880800000 0.0539540000
0.0350964966 -0.0044523365 0.0170562194 -0.9950910000 0.0961630000 0.0233780000
0.0623194966 -0.0045933365 0.0175912194 0.9419530000 -0.1614110000 0.2943990000
0.0641044966 -0.0034453365 0.0151242194 0.9663590000 0.0780240000 0.2450770000
-0.0450475034 0.0038166635 0.0170792194 -0.6286210000 -0.7766270000 -0.0410680000
0.0349894966 0.0040756635 0.0172382194 -0.9945740000 -0.1035380000 0.0100930000
0.0620354966 0.0010796635 0.0175712194 0.9077470000 0.3046000000 0.2884670000
0.0640744966 0.0001926635 0.0157552194 0.9119760000 0.3677450000 0.1818350000
-0.0433545034 0.0118556635 0.0170152194 0.6604920000 -0.7499950000 -0.0354740000
0.0315624966 0.0152766635 0.0173112194 -0.9098960000 -0.4147910000 0.0061940000
0.0332794966 0.0117756635 0.0170512194 -0.9603910000 -0.2785710000 0.0068330000
-0.0411045034 0.0177666635 0.0171402194 -0.9863540000 0.1645740000 0.0046110000
-0.0387085034 0.0215866635 0.0172162194 0.8187420000 -0.5741140000 -0.0074070000
0.0293654966 0.0198516635 0.0170232194 -0.8484020000 -0.5293510000 0.0013230000
0.0318954966 0.0164466635 0.0168412194 -0.9127820000 -0.4084290000 0.0038480000
-0.0347565034 0.0267516635 0.0170642194 0.6784920000 -0.7345780000 -0.0066300000
-0.0302095034 0.0305426635 0.0171722194 0.5865540000 -0.8098320000 0.0112800000
0.0208324966 0.0295296635 0.0171092194 -0.6382000000 -0.7698700000 -0.0010860000
0.0252944966 0.0254936635 0.0172002194 -0.7532180000 -0.6577650000 -0.0027160000
-0.0264425034 0.0333186635 0.0170252194 0.4852850000 -0.8743120000 0.0087320000
-0.0202165034 0.0362616635 0.0169932194 0.3443160000 -0.9388370000 0.0055330000
-0.0122845034 0.0383746635 0.0168942194 0.1645210000 -0.9862440000 0.0159780000
-0.0042265034 0.0388936635 0.0170282194 -0.0377600000 -0.9992110000 0.0123030000
0.0038694966 0.0379966635 0.0170612194 -0.2215340000 -0.9751320000 0.0062990000
0.0117434966 0.0353566635 0.0170182194 -0.4301800000 -0.9027330000 0.0043480000
0.0169644966 0.0327086635 0.0172782194 -0.5681410000 -0.8229310000 0.0007050000
-0.0094405034 0.0400356635 0.0179122194 -0.1264820000 0.9919650000 -0.0027450000
-0.0048675034 0.0402936635 0.0169902194 -0.0094570000 0.9999540000 0.0012780000
0.0006184966 0.0400036635 0.0168982194 0.1012980000 0.9948550000 -0.0012980000
-0.0168595034 -0.0402403365 0.0267112194 -0.2600650000 -0.9655910000 -0.0005160000
-0.0113525034 -0.0408853365 0.0248982194 -0.1534170000 -0.9881600000 -0.0017020000
-0.0039615034 -0.0412953365 0.0250722194 0.0327610000 -0.9994630000 -0.0007900000
0.0029054966 -0.0407763365 0.0249922194 0.2088750000 -0.9779280000 -0.0053340000
-0.0273275034 -0.0342863365 0.0248442194 -0.5343750000 -0.8451900000 0.0098180000
-0.0203375034 -0.0380263365 0.0249562194 -0.3742740000 -0.9273180000 0.0000070000
-0.0141755034 -0.0397273365 0.0249712194 -0.2876080000 -0.9577470000 -0.0016840000
-0.0023505034 -0.0400953365 0.0247592194 -0.0565160000 0.9983870000 0.0054220000
0.0054364966 -0.0395063365 0.0251472194 0.9597760000 -0.2778070000 0.0406660000
0.0119534966 -0.0375003365 0.0250022194 0.4109740000 -0.9116320000 -0.0053350000
0.0182904966 -0.0340193365 0.0251962194 0.5983140000 -0.8011810000 -0.0113980000
-0.0351745034 -0.0274433365 0.0250072194 -0.7252260000 -0.6882590000 0.0186210000
-0.0311485034 -0.0312903365 0.0251412194 -0.6374560000 -0.7702140000 0.0205070000
0.0221434966 -0.0307233365 0.0248722194 0.7254550000 -0.6880460000 -0.0175490000
0.0260804966 -0.0267483365 0.0250472194 0.7995280000 -0.6006170000 -0.0037610000
-0.0413175034 -0.0184063365 0.0250042194 -0.8856740000 -0.4642670000 0.0061310000
-0.0390685034 -0.0222413365 0.0250152194 -0.8245540000 -0.5654790000 0.0185780000
0.0300714966 -0.0208383365 0.0249912194 0.5003710000 0.7501300000 0.4323580000
0.0322634966 -0.0171233365 0.0253422194 0.9217520000 -0.3877780000 0.0011320000
-0.0435985034 -0.0121853365 0.0249762194 -0.9469620000 -0.3213160000 0.0044200000
0.0318464966 -0.0159673365 0.0255402194 -0.9198070000 0.3922620000 0.0092050000
0.0339654966 -0.0122293365 0.0252012194 -0.8628780000 -0.4214340000 0.2789880000
0.0445974966 -0.0097753365 0.0282392194 0.0753680000 -0.6523770000 0.7541370000
0.0524184966 -0.0095083365 0.0272172194 0.2805590000 -0.6367200000 0.7182440000
0.0580314966 -0.0095863365 0.0238262194 0.5967790000 -0.5871140000 0.5469480000
-0.0450735034 -0.0041463365 0.0249722194 -0.9769430000 -0.2115770000 0.0285860000
0.0351644966 -0.0041633365 0.0250702194 -0.9953650000 0.0936160000 0.0220160000
0.0545664966 -0.0056743365 0.0284932194 0.4457240000 -0.2928500000 0.8459130000
0.0589464966 -0.0042753365 0.0254072194 0.7399870000 -0.1126440000 0.6631210000
-0.0449715034 0.0038686635 0.0250772194 -0.9569200000 -0.2881340000 -0.0358160000
0.0350234966 0.0041836635 0.0251112194 -0.9978240000 -0.0658860000 0.0025800000
0.0448784966 0.0029356635 0.0285142194 0.1457130000 0.4676110000 0.8718420000
0.0530144966 0.0017346635 0.0278722194 0.3744220000 0.4286990000 0.8222070000
0.0585144966 0.0010836635 0.0248552194 0.6969250000 0.3320070000 0.6356620000
-0.0432515034 0.0119106635 0.0250762194 0.7715680000 -0.6352720000 -0.0333580000
0.0317084966 0.0152926635 0.0250522194 -0.9190980000 -0.3940040000 -0.0045320000
0.0333774966 0.0116466635 0.0251052194 -0.9590690000 -0.2830580000 0.0080240000
-0.0410745034 0.0176376635 0.0250352194 -0.9746220000 0.2238390000 0.0028060000
-0.0386005034 0.0214646635 0.0250922194 0.8262050000 -0.5632440000 -0.0118970000
0.0292734966 0.0199566635 0.0251032194 -0.8432520000 -0.5375040000 -0.0038120000
0.0320814966 0.0160816635 0.0257882194 -0.9053070000 -0.4247410000 -0.0038670000
-0.0347695034 0.0266346635 0.0250602194 0.6639130000 -0.7476250000 -0.0166070000
-0.0302665034 0.0305056635 0.0251752194 0.5948050000 -0.8038490000 -0.0058790000
0.0209684966 0.0294216635 0.0250392194 -0.6481750000 -0.7614690000 0.0057900000
0.0253014966 0.0254256635 0.0250182194 -0.7455100000 -0.6664940000 -0.0008040000
-0.0264855034 0.0333106635 0.0251062194 0.4609590000 -0.8873950000 0.0068830000
-0.0201925034 0.0362506635 0.0249722194 0.3552880000 -0.9347560000 -0.0016570000
-0.0124225034 0.0384316635 0.0250112194 0.1575630000 -0.9874850000 0.0067990000
-0.0041715034 0.0389086635 0.0251562194 -0.0345970000 -0.9993260000 0.0122450000
0.0039584966 0.0380506635 0.0250062194 -0.2226700000 -0.9747570000 0.0163180000
0.0118004966 0.0353306635 0.0250382194 -0.4361380000 -0.8998210000 0.0102720000
0.0170374966 0.0326236635 0.0252562194 -0.5575870000 -0.8300820000 0.0077620000
-0.0095215034 0.0400636635 0.0251882194 -0.1232950000 0.9923680000 -0.0022080000
-0.0042055034 0.0402906635 0.0249202194 0.0062560000 0.9999530000 -0.0073440000
0.0012674966 0.0400016635 0.0252242194 0.1102600000 0.9938780000 -0.0070360000
-0.0162495034 -0.0402213365 0.0312182194 -0.2676230000 -0.9634980000 0.0069910000
-0.0113545034 -0.0408483365 0.0318292194 -0.1473410000 -0.9883810000 0.0373250000
-0.0041855034 -0.0411603365 0.0319442194 0.1536030000 -0.9774520000 0.1448950000
0.0029324966 -0.0408733365 0.0318162194 0.2207650000 -0.9750420000 0.0235920000
-0.0271355034 -0.0343003365 0.0324122194 -0.5513360000 -0.8307130000 0.0770940000
-0.0201065034 -0.0380393365 0.0324572194 -0.3732830000 -0.9258980000 0.0580780000
-0.0135275034 -0.0396793365 0.0328102194 0.1471970000 0.9884400000 0.0363290000
-0.0055205034 -0.0401013365 0.0321902194 0.0386340000 0.9992520000 0.0013770000
0.0049304966 -0.0394813365 0.0327212194 -0.1882140000 0.9820480000 0.0125650000
0.0119454966 -0.0375313365 0.0325122194 0.4648730000 -0.8554450000 0.2282670000
0.0183194966 -0.0340143365 0.0328072194 0.6755050000 -0.7294990000 0.1073530000
-0.0351315034 -0.0273203365 0.0325552194 -0.7181530000 -0.6920090000 0.0733510000
-0.0311365034 -0.0312733365 0.0323282194 -0.5833720000 -0.8026280000 0.1243610000
0.0221664966 -0.0306103365 0.0329232194 -0.6209080000 0.7817380000 0.0579620000
0.0261134966 -0.0267173365 0.0326982194 0.8582160000 -0.5055030000 0.0890650000
-0.0412765034 -0.0182683365 0.0326722194 -0.8590600000 -0.5067190000 0.0724690000
-0.0389655034 -0.0222513365 0.0325922194 -0.8181160000 -0.5678340000 0.0908260000
0.0300104966 -0.0208773365 0.0328142194 -0.8361320000 0.5473130000 0.0365000000
0.0323114966 -0.0171653365 0.0327702194 0.9362360000 -0.3485760000 0.0442460000
-0.0435155034 -0.0121113365 0.0328092194 -0.9259990000 -0.3554370000 0.1272420000
0.0344464966 -0.0116873365 0.0325272194 -0.5429500000 -0.3612060000 0.7581130000
0.0439054966 -0.0090093365 0.0296372194 0.0830600000 -0.5243070000 0.8474680000
0.0490194966 -0.0089653365 0.0292442194 0.1574520000 -0.4850700000 0.8601830000
-0.0450115034 -0.0041803365 0.0327692194 0.9072760000 -0.3822060000 0.1754110000
0.0362334966 -0.0044053365 0.0328412194 -0.5188440000 -0.0750060000 0.8515720000
0.0442684966 -0.0042993365 0.0310652194 0.0949540000 -0.1510820000 0.9839500000
0.0514244966 -0.0041363365 0.0301592194 0.2632420000 -0.1319130000 0.9556690000
0.0561064966 -0.0038773365 0.0292692194 0.4468120000 0.0532630000 0.8930410000
-0.0449415034 0.0039086635 0.0329292194 0.9449290000 -0.3257130000 0.0319360000
0.0355324966 0.0037256635 0.0328592194 -0.8864190000 0.0823440000 0.4555010000
0.0440104966 0.0014346635 0.0306102194 0.1187060000 0.2793680000 0.9528180000
0.0510284966 0.0008026635 0.0298432194 0.2614480000 0.2718480000 0.9261440000
-0.0431365034 0.0119186635 0.0330462194 0.9179060000 -0.3965870000 0.0129590000
0.0315344966 0.0152016635 0.0326022194 -0.9072320000 -0.4198960000 0.0248510000
0.0333574966 0.0116176635 0.0328312194 -0.9502730000 -0.3114130000 0.0019450000
-0.0409565034 0.0174916635 0.0330212194 0.7863590000 -0.6147910000 0.0606020000
-0.0385275034 0.0213936635 0.0329802194 0.8292980000 -0.5587880000 0.0045050000
0.0292114966 0.0200006635 0.0330492194 -0.8510720000 -0.5249710000 0.0090370000
0.0319434966 0.0164846635 0.0335802194 -0.9005640000 -0.4347180000 0.0023210000
-0.0346195034 0.0265856635 0.0330422194 0.7006930000 -0.7133290000 0.0138580000
-0.0302605034 0.0304036635 0.0332302194 0.6037700000 -0.7971590000 0.0001760000
0.0208694966 0.0295046635 0.0330422194 -0.6503080000 -0.7595580000 0.0130480000
0.0252394966 0.0255746635 0.0328282194 -0.7510960000 -0.6601550000 0.0070320000
-0.0263765034 0.0333076635 0.0330652194 0.4904680000 -0.8714210000 -0.0082140000
-0.0201705034 0.0362706635 0.0330512194 0.3564910000 -0.9342900000 0.0039940000
-0.0123065034 0.0384666635 0.0330332194 0.1650770000 -0.9861550000 0.0157380000
-0.0041255034 0.0389886635 0.0332212194 -0.0278030000 -0.9994930000 0.0154920000
0.0038694966 0.0381386635 0.0330722194 -0.2178580000 -0.9757790000 0.0198480000
0.0118794966 0.0353876635 0.0330112194 -0.4436430000 -0.8961010000 0.0135390000
0.0170334966 0.0326686635 0.0333632194 -0.5586040000 -0.8292720000 0.0163990000
-0.0095335034 0.0400646635 0.0330382194 -0.1289530000 0.9915530000 -0.0138830000
-0.0039695034 0.0403656635 0.0330482194 0.0014720000 0.9998710000 -0.0159770000
0.0017794966 0.0400066635 0.0319192194 0.1192050000 0.9928460000 -0.0067930000
-0.0258505034 -0.0411133365 0.0434792194 -0.0288490000 -0.0519860000 0.9982310000
-0.0197535034 -0.0424723365 0.0437052194 0.0144590000 0.0323980000 0.9993700000
-0.0120085034 -0.0436423365 0.0433712194 0.0326900000 0.1635530000 0.9859930000
-0.0040405034 -0.0440823365 0.0431452194 0.0074270000 0.2022150000 0.9793130000
0.0037744966 -0.0435203365 0.0433402194 -0.0203270000 0.1439920000 0.9893700000
0.0112694966 -0.0422253365 0.0435992194 0.0012530000 0.0291750000 0.9995740000
0.0169664966 -0.0409783365 0.0432272194 0.0223060000 -0.0197850000 0.9995550000
-0.0346855034 -0.0344033365 0.0435492194 -0.0165380000 -0.0193380000 0.9996760000
-0.0285135034 -0.0365943365 0.0432172194 0.1458670000 0.2257350000 0.9632060000
-0.0210855034 -0.0385573365 0.0421392194 0.2339560000 0.5516700000 0.8005780000
-0.0131675034 -0.0396443365 0.0400732194 0.1984120000 0.8939780000 0.4017900000
-0.0015155034 -0.0400793365 0.0395412194 -0.0721820000 0.9868740000 0.1444660000
0.0046734966 -0.0395563365 0.0403622194 -0.1862580000 0.8470910000 0.4977390000
0.0124564966 -0.0381973365 0.0420762194 -0.2413980000 0.5595470000 0.7928650000
0.0197564966 -0.0361363365 0.0430692194 -0.1535140000 0.2265670000 0.9618220000
0.0258324966 -0.0339603365 0.0434232194 0.0304600000 -0.0344330000 0.9989430000
-0.0417855034 -0.0265713365 0.0435542194 0.0113030000 0.0014730000 0.9999350000
-0.0369115034 -0.0288513365 0.0429572194 0.2646710000 0.2290350000 0.9367460000
-0.0312015034 -0.0314243365 0.0404822194 0.5359010000 0.6125760000 0.5810000000
0.0222784966 -0.0307853365 0.0408642194 -0.5400340000 0.6169790000 0.5724520000
0.0279054966 -0.0282173365 0.0429082194 -0.2954180000 0.2497360000 0.9221500000
0.0328164966 -0.0258953365 0.0434912194 0.0243630000 -0.0242460000 0.9994090000
-0.0483455034 -0.0166793365 0.0429742194 -0.1182200000 -0.0477840000 0.9918370000
-0.0437855034 -0.0198873365 0.0431972194 0.2459380000 0.1157190000 0.9623530000
-0.0391815034 -0.0226533365 0.0411462194 0.6345310000 0.3987110000 0.6621180000
0.0302894966 -0.0212933365 0.0410902194 -0.6744320000 0.4007840000 0.6200910000
0.0345474966 -0.0197213365 0.0433682194 -0.1686880000 0.0850400000 0.9819940000
-0.0490485034 -0.0111473365 0.0435142194 -0.0930880000 -0.0144860000 0.9955520000
-0.0452905034 -0.0124913365 0.0424612194 0.5026900000 0.1448260000 0.8522490000
0.0361104966 -0.0122543365 0.0425792194 -0.4452560000 0.1331050000 0.8854550000
0.0404544966 -0.0095793365 0.0430172194 0.1480820000 -0.0200710000 0.9887710000
-0.0497145034 -0.0040473365 0.0436422194 -0.0029620000 -0.0026960000 0.9999920000
-0.0460995034 -0.0042223365 0.0419682194 0.6174610000 0.0482460000 0.7851200000
0.0369474966 -0.0042263365 0.0423172194 -0.5638560000 0.0530230000 0.8241690000
0.0405554966 -0.0041333365 0.0432432194 0.1766730000 -0.0106600000 0.9842120000
-0.0496685034 0.0036536635 0.0435972194 0.0118880000 -0.0057570000 0.9999130000
-0.0459235034 0.0039566635 0.0418562194 0.5973080000 -0.0798370000 0.7980280000
0.0368274966 0.0039076635 0.0423292194 -0.5717290000 -0.0699810000 0.8174520000
0.0404774966 0.0030196635 0.0432572194 0.0742040000 0.0059480000 0.9972250000
-0.0490125034 0.0108136635 0.0434042194 -0.0820320000 0.0221550000 0.9963830000
-0.0449045034 0.0120556635 0.0422972194 0.4888230000 -0.1668410000 0.8562810000
-0.0400465034 0.0154126635 0.0412722194 0.2328480000 -0.1199350000 0.9650890000
0.0316184966 0.0152626635 0.0398382194 -0.8168660000 -0.3797080000 0.4342240000
0.0354454966 0.0118176635 0.0423732194 -0.5109650000 -0.1612470000 0.8443420000
0.0403044966 0.0096356635 0.0433392194 -0.3145710000 -0.0679070000 0.9468020000
-0.0482315034 0.0162956635 0.0433272194 0.2077720000 -0.0625220000 0.9761770000
-0.0431665034 0.0192606635 0.0430282194 0.2704740000 -0.1535480000 0.9504030000
-0.0386735034 0.0216856635 0.0408532194 0.6863100000 -0.4651790000 0.5590950000
0.0297354966 0.0206486635 0.0412982194 -0.6603190000 -0.4160160000 0.6252270000
0.0341344966 0.0190196635 0.0435392194 -0.2321470000 -0.1247520000 0.9646470000
-0.0414695034 0.0259876635 0.0435402194 -0.0281160000 0.0172730000 0.9994550000
-0.0360275034 0.0278076635 0.0425162194 0.3509830000 -0.3392560000 0.8727640000
-0.0303565034 0.0305336635 0.0407992194 0.5137170000 -0.6866100000 0.5144530000
0.0214334966 0.0298796635 0.0410892194 -0.5383840000 -0.6260080000 0.5641430000
0.0271824966 0.0271746635 0.0429202194 -0.3673410000 -0.3273890000 0.8705610000
0.0325694966 0.0249766635 0.0433002194 -0.0029960000 -0.0090780000 0.9999540000
-0.0343085034 0.0334886635 0.0436882194 0.0023570000 -0.0199470000 0.9997980000
-0.0276925034 0.0351566635 0.0428072194 0.2465870000 -0.3904540000 0.8869840000
-0.0204315034 0.0372086635 0.0416262194 0.2714980000 -0.6782350000 0.6828510000
-0.0124715034 0.0387656635 0.0407802194 0.1673500000 -0.8710260000 0.4618530000
-0.0040085034 0.0391636635 0.0402292194 -0.0351420000 -0.9302000000 0.3653680000
0.0042624966 0.0384766635 0.0409972194 -0.2038080000 -0.8406280000 0.5018040000
0.0121134966 0.0367536635 0.0419892194 -0.3036710000 -0.6387940000 0.7069130000
0.0190094966 0.0347566635 0.0431842194 -0.2403360000 -0.3664120000 0.8988770000
0.0251784966 0.0329986635 0.0437062194 -0.1069260000 -0.1142220000 0.9876840000
-0.0253735034 0.0403026635 0.0435152194 0.0552750000 -0.0823750000 0.9950670000
-0.0195245034 0.0414436635 0.0438282194 0.0449520000 -0.1783340000 0.9829430000
-0.0118675034 0.0422406635 0.0436602194 0.0537690000 -0.3241780000 0.9444670000
-0.0042425034 0.0423266635 0.0434252194 -0.0127550000 -0.3857410000 0.9225190000
0.0035064966 0.0419846635 0.0437022194 -0.0736310000 -0.3408360000 0.9372350000
0.0107604966 0.0411246635 0.0438722194 -0.0901210000 -0.2263100000 0.9698770000
0.0170104966 0.0402716635 0.0434642194 -0.1428030000 -0.3041640000 0.9418550000
