x y z nx ny nz
0.0045461039 -0.0299354677 -0.0825644602 -0.2074990000 -0.9766510000 -0.0556480000
0.0101621039 -0.0307734677 -0.0826274602 -0.1403960000 -0.9884530000 -0.0570050000
0.0171371039 -0.0309414677 -0.0828224602 -0.0502750000 -0.9981370000 -0.0345670000
0.0271381039 -0.0308744677 -0.0828344602 0.1079990000 -0.9936890000 -0.0303210000
0.0319721039 -0.0302354677 -0.0825844602 0.1343620000 -0.9839080000 -0.1177820000
-0.0144818961 -0.0232334677 -0.0827464602 -0.4338560000 -0.9003870000 -0.0327450000
-0.0052058961 -0.0269594677 -0.0828524602 -0.3155560000 -0.9477510000 -0.0468160000
0.0031291039 -0.0291434677 -0.0828584602 -0.1969980000 -0.9782680000 -0.0646720000
0.0361511039 -0.0268664677 -0.0828134602 0.7969430000 -0.5588410000 -0.2293020000
-0.0280068961 -0.0152424677 -0.0829694602 -0.5547710000 -0.8311430000 -0.0378210000
-0.0217848961 -0.0193714677 -0.0827054602 -0.4976980000 -0.8666140000 -0.0357330000
-0.0174388961 -0.0213484677 -0.0826794602 -0.4482780000 -0.8938090000 -0.0123560000
-0.0365178961 -0.0079124677 -0.0829404602 -0.6786140000 -0.7316820000 -0.0642240000
-0.0321168961 -0.0123544677 -0.0825564602 -0.6502830000 -0.7539880000 -0.0929180000
0.0447621039 -0.0076034677 -0.0823454602 0.9604160000 0.0333340000 -0.2765660000
-0.0434608961 -0.0000984677 -0.0828374602 -0.7916550000 -0.6072210000 -0.0675720000
-0.0407318961 -0.0035684677 -0.0831144602 -0.7665220000 -0.6321610000 -0.1132050000
0.0430861039 -0.0001594677 -0.0824224602 0.8322710000 0.5442480000 -0.1054440000
-0.0461298961 0.0078925323 -0.0831064602 -0.9120160000 0.1222640000 -0.3915070000
0.0358211039 0.0083965323 -0.0833264602 0.7050770000 0.7071040000 -0.0535830000
0.0397041039 0.0041975323 -0.0825064602 0.7846570000 0.6171000000 -0.0591660000
-0.0443598961 0.0137445323 -0.0828534602 -0.8410770000 0.3207220000 -0.4355770000
0.0269881039 0.0164585323 -0.0827994602 0.6021660000 0.7975250000 -0.0367400000
0.0320481039 0.0124585323 -0.0828334602 0.6788520000 0.7330990000 -0.0415530000
-0.0418818961 0.0188615323 -0.0830104602 -0.7950700000 0.3525910000 -0.4935000000
-0.0403048961 0.0232295323 -0.0828014602 -0.8098020000 0.3693870000 -0.4558220000
0.0130611039 0.0242345323 -0.0833134602 0.4347790000 0.8985970000 -0.0590820000
0.0180401039 0.0222385323 -0.0829184602 0.4609480000 0.8857150000 -0.0550940000
0.0231601039 0.0195185323 -0.0826474602 0.5484960000 0.8358110000 -0.0239240000
-0.0367528961 0.0297005323 -0.0829044602 -0.6464030000 0.6404180000 -0.4147620000
-0.0291098961 0.0327745323 -0.0829484602 -0.1702760000 0.9772470000 -0.1264670000
-0.0211948961 0.0332205323 -0.0829724602 -0.0042550000 0.9957670000 -0.0918180000
-0.0136978961 0.0328985323 -0.0827974602 0.0787510000 0.9942140000 -0.0730560000
-0.0061548961 0.0315605323 -0.0830924602 0.1807840000 0.9814740000 -0.0634470000
0.0028691039 0.0286885323 -0.0829704602 0.3058980000 0.9493660000 -0.0716340000
0.0083121039 0.0270875323 -0.0829424602 0.3490800000 0.9343410000 -0.0717620000
0.0039211039 -0.0300284677 -0.0778264602 -0.2188400000 -0.9752630000 -0.0311630000
0.0102341039 -0.0310654677 -0.0780714602 -0.1135420000 -0.9930940000 -0.0295470000
0.0184201039 -0.0314974677 -0.0779794602 -0.0399490000 -0.9990250000 -0.0188090000
0.0261331039 -0.0311824677 -0.0783134602 0.1020750000 -0.9944430000 -0.0257620000
0.0329441039 -0.0307054677 -0.0776134602 0.2593240000 -0.9625850000 -0.0786160000
-0.0185578961 -0.0219934677 -0.0787184602 -0.4408720000 -0.8973470000 -0.0200090000
-0.0134088961 -0.0240444677 -0.0782744602 -0.4270710000 -0.9039120000 -0.0235200000
-0.0056098961 -0.0269674677 -0.0784164602 -0.3394300000 -0.9401580000 -0.0298500000
0.0018201039 -0.0291664677 -0.0783334602 -0.1909130000 -0.9806590000 -0.0431210000
0.0066151039 -0.0295024677 -0.0773874602 -0.1627260000 -0.9862730000 -0.0280500000
0.0370341039 -0.0279324677 -0.0779704602 0.7524940000 -0.6429140000 -0.1428790000
0.0394561039 -0.0239774677 -0.0772264602 0.8873200000 -0.4494420000 -0.1032710000
-0.0284878961 -0.0151924677 -0.0781324602 -0.5552470000 -0.8313860000 -0.0223310000
-0.0219058961 -0.0196924677 -0.0781534602 -0.4959990000 -0.8680950000 -0.0199140000
-0.0172448961 -0.0214334677 -0.0765604602 -0.4349510000 -0.8995510000 -0.0403270000
0.0423651039 -0.0176694677 -0.0771454602 0.9141610000 -0.3965830000 -0.0838570000
-0.0367168961 -0.0081644677 -0.0778604602 -0.6782370000 -0.7344770000 -0.0231880000
-0.0324958961 -0.0124514677 -0.0778404602 -0.6741180000 -0.7379280000 -0.0320580000
0.0452441039 -0.0100994677 -0.0775144602 0.9585850000 -0.2624070000 -0.1107160000
0.0466621039 -0.0065904677 -0.0756484602 0.9930850000 -0.0756390000 -0.0897800000
-0.0435828961 -0.0003694677 -0.0780064602 -0.7907880000 -0.6112630000 -0.0318040000
-0.0408408961 -0.0044464677 -0.0778294602 -0.7651490000 -0.6419150000 -0.0499250000
0.0441791039 -0.0013444677 -0.0779974602 0.8643900000 0.4958010000 -0.0837290000
0.0465921039 -0.0048224677 -0.0762774602 0.9845650000 0.1411000000 -0.1035520000
-0.0477178961 0.0057465323 -0.0776364602 -0.9444720000 -0.3046750000 -0.1230630000
0.0361661039 0.0085955323 -0.0780764602 0.6901440000 0.7236200000 -0.0087010000
0.0397851039 0.0046665323 -0.0779024602 0.7850580000 0.6190820000 -0.0205360000
-0.0464048961 0.0143185323 -0.0774154602 -0.9309040000 0.3286560000 -0.1593810000
0.0276901039 0.0162055323 -0.0778034602 0.6014720000 0.7988800000 -0.0047320000
0.0320931039 0.0124935323 -0.0782984602 0.6933460000 0.7206050000 0.0006890000
-0.0432928961 0.0218445323 -0.0773294602 -0.8971360000 0.4158830000 -0.1489570000
-0.0411048961 0.0252375323 -0.0788974602 -0.8722220000 0.4409260000 -0.2116920000
0.0124421039 0.0251755323 -0.0784814602 0.4496920000 0.8922240000 -0.0413940000
0.0189421039 0.0223395323 -0.0780004602 0.4734520000 0.8806040000 -0.0195030000
0.0233951039 0.0191785323 -0.0783074602 0.5808860000 0.8138890000 -0.0125280000
-0.0417758961 0.0265255323 -0.0746174602 -0.8864490000 0.4582150000 -0.0651770000
-0.0383058961 0.0302115323 -0.0775734602 -0.7179090000 0.6774390000 -0.1602580000
-0.0297148961 0.0328085323 -0.0781034602 -0.1230460000 0.9914240000 -0.0440190000
-0.0215948961 0.0333535323 -0.0780994602 -0.0149120000 0.9992920000 -0.0345390000
-0.0138368961 0.0330855323 -0.0778234602 0.0550670000 0.9978650000 -0.0351270000
-0.0056778961 0.0316385323 -0.0780944602 0.1838140000 0.9817820000 -0.0481340000
0.0021731039 0.0296355323 -0.0781554602 0.2946380000 0.9543550000 -0.0489410000
0.0090811039 0.0274485323 -0.0780684602 0.3623470000 0.9314120000 -0.0342980000
-0.0228438961 0.0343945323 -0.0775854602 -0.0270890000 0.9991690000 -0.0304610000
0.0038241039 -0.0301944677 -0.0695914602 -0.2046680000 -0.9773190000 0.0543970000
0.0102451039 -0.0311314677 -0.0695794602 -0.1205570000 -0.9914530000 0.0498680000
0.0186511039 -0.0317344677 -0.0697814602 -0.0382450000 -0.9992600000 0.0041840000
0.0263391039 -0.0312824677 -0.0706284602 0.0923470000 -0.9953120000 -0.0287470000
0.0336321039 -0.0307744677 -0.0701784602 0.2998720000 -0.9536920000 -0.0234130000
-0.0184938961 -0.0221624677 -0.0702084602 -0.4451670000 -0.8938980000 0.0526540000
-0.0135358961 -0.0239354677 -0.0697924602 -0.4125830000 -0.9082700000 0.0694290000
-0.0055428961 -0.0271874677 -0.0698034602 -0.3319830000 -0.9411630000 0.0632430000
0.0009431039 -0.0290164677 -0.0693664602 -0.2421120000 -0.9673840000 0.0744940000
0.0374751039 -0.0283224677 -0.0699664602 0.7743690000 -0.6319430000 -0.0316310000
0.0396381039 -0.0243574677 -0.0701714602 0.9017210000 -0.4320940000 -0.0139740000
-0.0283138961 -0.0156194677 -0.0696274602 -0.5590840000 -0.8272510000 0.0555140000
-0.0218808961 -0.0196714677 -0.0697964602 -0.4926720000 -0.8671720000 0.0727130000
-0.0173388961 -0.0213914677 -0.0674134602 -0.4468900000 -0.8894640000 0.0956210000
0.0425331039 -0.0177824677 -0.0701054602 0.9169040000 -0.3990260000 -0.0081370000
-0.0369498961 -0.0084784677 -0.0696834602 -0.6711150000 -0.7413210000 -0.0069170000
-0.0323118961 -0.0126204677 -0.0698204602 -0.6280600000 -0.7765970000 0.0493630000
0.0453441039 -0.0109264677 -0.0701944602 0.9429490000 -0.3324790000 -0.0174460000
0.0467341039 -0.0070884677 -0.0696444602 0.9893590000 -0.1420130000 -0.0316510000
-0.0435418961 -0.0008254677 -0.0701754602 -0.7815820000 -0.6218000000 -0.0499500000
-0.0408078961 -0.0046764677 -0.0703004602 -0.7553720000 -0.6549100000 -0.0224780000
0.0440671039 -0.0008604677 -0.0704374602 0.8367410000 0.5455970000 -0.0467950000
0.0467801039 -0.0045084677 -0.0701934602 0.9867480000 0.1601210000 -0.0262650000
-0.0482578961 0.0060055323 -0.0700444602 -0.9583190000 -0.2836110000 -0.0344980000
0.0367941039 0.0081305323 -0.0701434602 0.7007420000 0.7133440000 -0.0100430000
0.0399231039 0.0047065323 -0.0700274602 0.7748750000 0.6317220000 -0.0222960000
-0.0468898961 0.0143445323 -0.0699884602 -0.9380380000 0.3464870000 -0.0055970000
0.0275621039 0.0162635323 -0.0695134602 0.6026200000 0.7964410000 0.0503010000
0.0323831039 0.0123195323 -0.0699044602 0.6690120000 0.7430280000 0.0182240000
-0.0436018961 0.0221085323 -0.0701864602 -0.9066390000 0.4219010000 -0.0024510000
-0.0411538961 0.0260185323 -0.0690134602 -0.8527580000 0.5220070000 -0.0176890000
0.0122521039 0.0255405323 -0.0691534602 0.4214110000 0.9048160000 0.0610070000
0.0186081039 0.0224815323 -0.0698024602 0.4889190000 0.8703550000 0.0586470000
0.0236391039 0.0193885323 -0.0695624602 0.5607530000 0.8259770000 0.0576050000
-0.0418038961 0.0266295323 -0.0695364602 -0.8922810000 0.4514700000 -0.0029640000
-0.0385028961 0.0303825323 -0.0701454602 -0.7040430000 0.7097630000 -0.0236690000
-0.0293468961 0.0329775323 -0.0701774602 -0.1125820000 0.9926510000 -0.0443710000
-0.0217598961 0.0334925323 -0.0708534602 -0.0178190000 0.9994020000 -0.0296190000
-0.0135268961 0.0333035323 -0.0700204602 0.0790280000 0.9968720000 -0.0010210000
-0.0056948961 0.0320025323 -0.0697384602 0.1946310000 0.9803550000 0.0319810000
0.0023251039 0.0298135323 -0.0696854602 0.3010280000 0.9522830000 0.0503940000
0.0090681039 0.0275965323 -0.0703134602 0.3723140000 0.9269600000 0.0461290000
-0.0222768961 0.0343645323 -0.0689494602 -0.0213390000 0.9996580000 -0.0151290000
0.0049861039 -0.0300194677 -0.0636924602 -0.1932330000 -0.9730190000 0.1260730000
0.0108161039 -0.0305024677 -0.0624324602 -0.1411390000 -0.9818850000 0.1264180000
0.0182951039 -0.0312394677 -0.0621134602 -0.0752570000 -0.9919950000 0.1014000000
0.0261391039 -0.0315444677 -0.0621034602 0.0222890000 -0.9989410000 0.0402400000
0.0336551039 -0.0308894677 -0.0619064602 0.3496220000 -0.9367850000 0.0140630000
-0.0181398961 -0.0219734677 -0.0644404602 -0.4484820000 -0.8858450000 0.1189220000
-0.0129428961 -0.0233494677 -0.0621374602 -0.4075150000 -0.9049220000 0.1226670000
-0.0055348961 -0.0263604677 -0.0620634602 -0.3291530000 -0.9359410000 0.1251920000
0.0020621039 -0.0285514677 -0.0618344602 -0.2336910000 -0.9643330000 0.1242990000
0.0083831039 -0.0293874677 -0.0606074602 -0.1658730000 -0.9780330000 0.1262450000
0.0374111039 -0.0284114677 -0.0618634602 0.7689970000 -0.6386270000 0.0282520000
0.0396381039 -0.0243254677 -0.0621804602 0.9023240000 -0.4303230000 0.0251560000
-0.0277788961 -0.0150574677 -0.0625354602 -0.5559640000 -0.8194910000 0.1390590000
-0.0217268961 -0.0187044677 -0.0620404602 -0.4991450000 -0.8562820000 0.1327980000
-0.0166968961 -0.0211584677 -0.0610214602 -0.4475230000 -0.8847260000 0.1303180000
0.0425971039 -0.0177174677 -0.0619324602 0.9170080000 -0.3981910000 0.0232420000
-0.0365688961 -0.0083404677 -0.0622734602 -0.6313590000 -0.7677470000 0.1093180000
-0.0315048961 -0.0120894677 -0.0618234602 -0.5822600000 -0.8008510000 0.1400390000
0.0453351039 -0.0109944677 -0.0618584602 0.9383940000 -0.3443700000 0.0287250000
0.0467541039 -0.0071964677 -0.0620214602 0.9877630000 -0.1537860000 0.0259580000
-0.0442808961 -0.0009084677 -0.0619684602 -0.7457930000 -0.6659860000 0.0159890000
-0.0404538961 -0.0047614677 -0.0617864602 -0.6848990000 -0.7254860000 0.0677020000
0.0445351039 -0.0005674677 -0.0621954602 0.8402840000 0.5421430000 0.0018170000
0.0468911039 -0.0044454677 -0.0621634602 0.9800490000 0.1972430000 0.0244810000
-0.0484458961 0.0061165323 -0.0620534602 -0.9753190000 -0.2203270000 0.0144350000
0.0360861039 0.0083905323 -0.0619044602 0.6625490000 0.7446260000 0.0809940000
0.0402811039 0.0044635323 -0.0619684602 0.7174900000 0.6956120000 0.0364930000
-0.0468448961 0.0142955323 -0.0620524602 -0.9338270000 0.3562540000 0.0324160000
0.0222741039 0.0182785323 -0.0593614602 0.5578160000 0.8210740000 0.1211550000
0.0272291039 0.0155135323 -0.0617084602 0.5909140000 0.7978040000 0.1197020000
0.0321041039 0.0118785323 -0.0626164602 0.6288500000 0.7700090000 0.1078560000
-0.0435038961 0.0220895323 -0.0619374602 -0.9080360000 0.4172620000 0.0369210000
-0.0413118961 0.0254635323 -0.0616004602 -0.8701500000 0.4912250000 0.0392040000
0.0115321039 0.0251285323 -0.0615064602 0.4109350000 0.9040660000 0.1174610000
0.0183481039 0.0216985323 -0.0621444602 0.4942230000 0.8614410000 0.1168910000
0.0234961039 0.0188585323 -0.0637814602 0.5500240000 0.8267200000 0.1183530000
-0.0417358961 0.0266915323 -0.0637674602 -0.8971580000 0.4411960000 0.0213120000
-0.0385588961 0.0303815323 -0.0619144602 -0.7301200000 0.6824680000 0.0340930000
-0.0294138961 0.0334765323 -0.0619384602 -0.0864200000 0.9962350000 0.0068120000
-0.0215338961 0.0333695323 -0.0621724602 0.0366370000 0.9975040000 0.0603580000
-0.0136538961 0.0326755323 -0.0622354602 0.1247780000 0.9876930000 0.0943010000
-0.0056158961 0.0312295323 -0.0621924602 0.2106670000 0.9712980000 0.1104480000
0.0023781039 0.0289485323 -0.0619554602 0.3026020000 0.9462760000 0.1139920000
0.0083051039 0.0272945323 -0.0630294602 0.3637940000 0.9247390000 0.1118560000
-0.0229088961 0.0343445323 -0.0657954602 -0.0134040000 0.9995410000 0.0271790000
0.0117431039 -0.0300724677 -0.0555634602 -0.1382010000 -0.9845220000 0.1077770000
0.0185501039 -0.0305284677 -0.0544704602 -0.1116150000 -0.9907060000 0.0777400000
0.0264491039 -0.0311184677 -0.0540934602 -0.0077560000 -0.9991380000 0.0407790000
0.0331571039 -0.0307474677 -0.0541494602 0.3553390000 -0.9311730000 0.0815570000
-0.0120658961 -0.0227524677 -0.0544074602 -0.4038240000 -0.9076700000 0.1142860000
-0.0056978961 -0.0251844677 -0.0540214602 -0.3378190000 -0.9347340000 0.1102250000
0.0024331039 -0.0277434677 -0.0541694602 -0.2331040000 -0.9663500000 0.1087680000
0.0098541039 -0.0290174677 -0.0536494602 -0.1574710000 -0.9824800000 0.0996770000
0.0157371039 -0.0295054677 -0.0527464602 -0.1389370000 -0.9870670000 0.0799740000
0.0369661039 -0.0276764677 -0.0534374602 0.7873060000 -0.5998770000 0.1424670000
0.0393181039 -0.0238234677 -0.0544764602 0.8919880000 -0.4358010000 0.1201460000
-0.0268428961 -0.0145314677 -0.0549604602 -0.5527720000 -0.8249580000 0.1178440000
-0.0216338961 -0.0175534677 -0.0541244602 -0.5066920000 -0.8541970000 0.1166650000
-0.0157618961 -0.0206774677 -0.0537474602 -0.4464390000 -0.8876140000 0.1132880000
0.0419301039 -0.0178614677 -0.0538854602 0.9100250000 -0.3957230000 0.1235190000
-0.0361948961 -0.0075744677 -0.0543134602 -0.5954540000 -0.7984400000 0.0890470000
-0.0305398961 -0.0115484677 -0.0539654602 -0.5766540000 -0.8099030000 0.1073620000
0.0450051039 -0.0100634677 -0.0538264602 0.9469560000 -0.2910320000 0.1362880000
0.0467141039 -0.0069174677 -0.0559174602 0.9942980000 -0.0337310000 0.1011610000
-0.0442438961 -0.0005774677 -0.0541614602 -0.7308000000 -0.6819030000 0.0306550000
-0.0400908961 -0.0043474677 -0.0539744602 -0.6388620000 -0.7673810000 0.0546000000
0.0448551039 -0.0017994677 -0.0537004602 0.9235370000 0.3736290000 0.0864920000
0.0467471039 -0.0046294677 -0.0557174602 0.9826700000 0.1588220000 0.0955740000
-0.0479648961 0.0063035323 -0.0540154602 -0.9850600000 -0.1328370000 0.1095970000
0.0355251039 0.0079235323 -0.0542114602 0.6289120000 0.7746100000 0.0667030000
0.0402431039 0.0039655323 -0.0544434602 0.6936530000 0.7193980000 0.0362160000
-0.0461688961 0.0143215323 -0.0539984602 -0.9264570000 0.3528060000 0.1311690000
0.0216141039 0.0180945323 -0.0527264602 0.5456830000 0.8324010000 0.0966370000
0.0265151039 0.0148385323 -0.0541864602 0.5886660000 0.8024850000 0.0974180000
0.0316061039 0.0110245323 -0.0544344602 0.6063530000 0.7900030000 0.0907300000
-0.0431428961 0.0215115323 -0.0541704602 -0.8999760000 0.4168820000 0.1274830000
-0.0411098961 0.0249965323 -0.0529474602 -0.8774150000 0.4555410000 0.1504180000
0.0057091039 0.0261945323 -0.0537234602 0.3524710000 0.9293340000 0.1100100000
0.0106611039 0.0245095323 -0.0540044602 0.4063610000 0.9067110000 0.1129000000
0.0180061039 0.0207815323 -0.0542924602 0.4927550000 0.8631220000 0.1105070000
0.0230591039 0.0192275323 -0.0554944602 0.4956500000 0.8616980000 0.1086680000
-0.0381638961 0.0299235323 -0.0540424602 -0.7375320000 0.6616210000 0.1352930000
-0.0295648961 0.0330855323 -0.0540464602 -0.0837200000 0.9953140000 0.0483730000
-0.0215858961 0.0328075323 -0.0542494602 0.0714860000 0.9955030000 0.0621630000
-0.0134928961 0.0318395323 -0.0540704602 0.1462230000 0.9855760000 0.0851940000
-0.0054338961 0.0302525323 -0.0540554602 0.2232900000 0.9699960000 0.0961720000
0.0020331039 0.0281675323 -0.0542844602 0.3091060000 0.9446610000 0.1098620000
0.0074501039 0.0269015323 -0.0557374602 0.3581470000 0.9259300000 0.1199350000
0.0135391039 -0.0298594677 -0.0480694602 -0.1604240000 -0.9855580000 0.0542150000
0.0191541039 -0.0302754677 -0.0462694602 -0.1479800000 -0.9888650000 0.0157660000
0.0267071039 -0.0309694677 -0.0459354602 0.0665980000 -0.9964970000 0.0505880000
0.0320571039 -0.0303404677 -0.0466134602 0.4234170000 -0.8913910000 0.1616790000
-0.0110918961 -0.0224154677 -0.0463854602 -0.4025110000 -0.9122530000 0.0760190000
-0.0056968961 -0.0244214677 -0.0461044602 -0.3444240000 -0.9360540000 0.0719390000
0.0023771039 -0.0269644677 -0.0461164602 -0.2439400000 -0.9674700000 0.0670420000
0.0102211039 -0.0285964677 -0.0460234602 -0.1740210000 -0.9834290000 0.0508410000
0.0161781039 -0.0293344677 -0.0461624602 -0.1677530000 -0.9854000000 0.0290800000
0.0358121039 -0.0263214677 -0.0456544602 0.7780550000 -0.5782210000 0.2455420000
0.0388051039 -0.0225694677 -0.0479184602 0.8740140000 -0.4385270000 0.2092680000
-0.0263018961 -0.0141684677 -0.0472104602 -0.5422070000 -0.8370070000 0.0736940000
-0.0216018961 -0.0166624677 -0.0461934602 -0.5086400000 -0.8577020000 0.0750510000
-0.0147698961 -0.0203724677 -0.0459544602 -0.4443810000 -0.8926620000 0.0753600000
0.0379641039 -0.0210164677 -0.0429904602 0.8572430000 -0.4306520000 0.2822650000
0.0405811039 -0.0175554677 -0.0461594602 0.8905570000 -0.3919860000 0.2307720000
-0.0358578961 -0.0072754677 -0.0460734602 -0.5630820000 -0.8260070000 0.0255140000
-0.0299238961 -0.0111944677 -0.0461424602 -0.5613770000 -0.8259140000 0.0521770000
-0.0254668961 -0.0136144677 -0.0455564602 -0.5407960000 -0.8387500000 0.0635470000
0.0435771039 -0.0096894677 -0.0460714602 0.9341790000 -0.2631220000 0.2409890000
0.0471141039 -0.0059724677 -0.0497164602 0.9020050000 0.4157000000 0.1165410000
-0.0441768961 -0.0004544677 -0.0462114602 -0.7718760000 -0.6336010000 0.0525110000
-0.0397378961 -0.0043504677 -0.0462124602 -0.6075850000 -0.7942300000 0.0062710000
0.0441071039 -0.0021234677 -0.0457954602 0.9602200000 0.2093830000 0.1847600000
0.0471601039 -0.0051154677 -0.0498124602 0.8289590000 0.5566080000 0.0548960000
-0.0466388961 0.0063035323 -0.0460584602 -0.9762760000 -0.0225900000 0.2153500000
0.0348421039 0.0080535323 -0.0460114602 0.6048880000 0.7961740000 0.0147530000
0.0403761039 0.0037175323 -0.0460954602 0.7180480000 0.6953860000 0.0290600000
-0.0445398961 0.0144195323 -0.0459564602 -0.9103630000 0.3376860000 0.2391820000
-0.0411228961 0.0183045323 -0.0427374602 -0.8694640000 0.4082260000 0.2781790000
0.0212601039 0.0177245323 -0.0457444602 0.5347550000 0.8426120000 0.0635740000
0.0263131039 0.0143425323 -0.0462144602 0.5734740000 0.8178490000 0.0474430000
0.0310581039 0.0109185323 -0.0471384602 0.5906060000 0.8059910000 0.0395250000
-0.0425058961 0.0201675323 -0.0470664602 -0.8856610000 0.4082420000 0.2212280000
-0.0401908961 0.0234235323 -0.0453104602 -0.8547770000 0.4516200000 0.2557250000
0.0051931039 0.0256765323 -0.0456254602 0.3589820000 0.9306740000 0.0705520000
0.0104871039 0.0238305323 -0.0461194602 0.4094640000 0.9092440000 0.0749260000
0.0174351039 0.0203825323 -0.0465094602 0.4811650000 0.8734630000 0.0744420000
-0.0367698961 0.0293925323 -0.0461104602 -0.7382080000 0.6274230000 0.2477670000
-0.0300208961 0.0327155323 -0.0457154602 -0.2122860000 0.9715860000 0.1046630000
-0.0214168961 0.0324205323 -0.0462334602 0.0930210000 0.9952730000 0.0279160000
-0.0134068961 0.0312505323 -0.0460724602 0.1639990000 0.9853510000 0.0467760000
-0.0054978961 0.0296175323 -0.0460624602 0.2389250000 0.9689910000 0.0630130000
0.0017111039 0.0275765323 -0.0459934602 0.3150370000 0.9465300000 0.0695230000
0.0072431039 0.0264635323 -0.0468104602 0.3650960000 0.9274940000 0.0803760000
0.0138211039 -0.0297784677 -0.0408544602 -0.1888560000 -0.9819560000 0.0098190000
0.0192551039 -0.0303514677 -0.0381444602 -0.1541880000 -0.9879950000 -0.0095750000
0.0261441039 -0.0306684677 -0.0382384602 0.2087400000 -0.9723080000 0.1050940000
0.0310591039 -0.0299494677 -0.0411494602 0.5028610000 -0.8325560000 0.2323400000
-0.0107068961 -0.0221664677 -0.0383724602 -0.4041080000 -0.9136730000 0.0435660000
-0.0057778961 -0.0239314677 -0.0381494602 -0.3511440000 -0.9354250000 0.0409580000
0.0022361039 -0.0265344677 -0.0380614602 -0.2561000000 -0.9660680000 0.0335600000
0.0102701039 -0.0283754677 -0.0379954602 -0.2023170000 -0.9792370000 0.0127200000
0.0160461039 -0.0292804677 -0.0383774602 -0.1961660000 -0.9805510000 -0.0062610000
0.0295271039 -0.0290924677 -0.0362494602 0.5283800000 -0.8210910000 0.2159280000
0.0335611039 -0.0256664677 -0.0383244602 0.7636010000 -0.5719730000 0.2996000000
-0.0263648961 -0.0139834677 -0.0391544602 -0.5257720000 -0.8498590000 0.0361130000
-0.0214948961 -0.0162054677 -0.0381504602 -0.5025400000 -0.8635450000 0.0417660000
-0.0143728961 -0.0200674677 -0.0379894602 -0.4440350000 -0.8949380000 0.0437970000
0.0370311039 -0.0188274677 -0.0372774602 0.8572180000 -0.4216350000 0.2956370000
0.0393651039 -0.0158224677 -0.0395794602 0.8761320000 -0.3743160000 0.3037760000
-0.0360568961 -0.0071354677 -0.0380724602 -0.5437780000 -0.8391470000 -0.0117510000
-0.0296988961 -0.0111024677 -0.0381534602 -0.5368530000 -0.8435180000 0.0163110000
-0.0252398961 -0.0135144677 -0.0363264602 -0.5180340000 -0.8547860000 0.0313330000
0.0410401039 -0.0097524677 -0.0382234602 0.9135460000 -0.2713270000 0.3030100000
-0.0434358961 -0.0004154677 -0.0381654602 -0.8740750000 -0.4703190000 0.1216230000
-0.0398718961 -0.0043444677 -0.0381094602 -0.6324020000 -0.7746280000 -0.0043550000
0.0423561039 -0.0021364677 -0.0380714602 0.9663390000 0.0784310000 0.2450270000
-0.0444738961 0.0063505323 -0.0381834602 -0.9563610000 0.0780470000 0.2815710000
0.0351361039 0.0079555323 -0.0380434602 0.6052910000 0.7959460000 -0.0096530000
0.0400601039 0.0039485323 -0.0379064602 0.8107450000 0.5812020000 0.0699740000
-0.0428128961 0.0133985323 -0.0389384602 -0.8958500000 0.3192420000 0.3090900000
-0.0406598961 0.0161495323 -0.0365564602 -0.8766130000 0.3757150000 0.3006440000
0.0209451039 0.0174855323 -0.0380054602 0.5163420000 0.8558360000 0.0305840000
0.0262351039 0.0142135323 -0.0383114602 0.5512150000 0.8342190000 0.0155110000
0.0311771039 0.0107615323 -0.0376264602 0.5670990000 0.8236230000 -0.0066440000
-0.0418808961 0.0184215323 -0.0414454602 -0.8687410000 0.3937070000 0.3004720000
-0.0382988961 0.0223295323 -0.0381834602 -0.8321110000 0.4567140000 0.3146480000
-0.0336068961 0.0255605323 -0.0349304602 -0.7183690000 0.6460530000 0.2579940000
0.0046671039 0.0254245323 -0.0373084602 0.3629460000 0.9311300000 0.0355970000
0.0101831039 0.0235215323 -0.0381614602 0.4113050000 0.9105000000 0.0426350000
0.0172581039 0.0199265323 -0.0385564602 0.4744850000 0.8792880000 0.0414290000
-0.0350478961 0.0281845323 -0.0388454602 -0.7550710000 0.5712610000 0.3217600000
-0.0303818961 0.0312845323 -0.0374614602 -0.4946880000 0.8407700000 0.2199750000
-0.0217628961 0.0324855323 -0.0383954602 0.0717900000 0.9972710000 0.0172340000
-0.0138258961 0.0310145323 -0.0382054602 0.1773840000 0.9840690000 0.0120000000
-0.0056798961 0.0293035323 -0.0380344602 0.2415270000 0.9700570000 0.0255530000
0.0011811039 0.0275105323 -0.0380304602 0.3137430000 0.9488860000 0.0343480000
0.0141291039 -0.0298914677 -0.0275384602 -0.2201560000 -0.9754390000 -0.0070400000
0.0192301039 -0.0304344677 -0.0300494602 -0.1000030000 -0.9949750000 0.0048620000
0.0246721039 -0.0304164677 -0.0305154602 0.2952700000 -0.9502140000 0.0995400000
-0.0104458961 -0.0220714677 -0.0308794602 -0.4048320000 -0.9140550000 0.0248030000
-0.0055438961 -0.0237654677 -0.0301194602 -0.3512780000 -0.9360270000 0.0213740000
0.0024651039 -0.0263674677 -0.0300884602 -0.2654770000 -0.9639440000 0.0182960000
0.0102831039 -0.0283114677 -0.0301194602 -0.2272860000 -0.9738260000 0.0019420000
0.0159571039 -0.0293504677 -0.0301194602 -0.2110420000 -0.9774040000 -0.0119350000
0.0285501039 -0.0280514677 -0.0296874602 0.6431890000 -0.7435890000 0.1827100000
0.0320041039 -0.0241024677 -0.0305414602 0.8109190000 -0.5412790000 0.2223250000
-0.0260128961 -0.0140634677 -0.0293494602 -0.5044480000 -0.8630540000 0.0258740000
-0.0213488961 -0.0159684677 -0.0301264602 -0.4970300000 -0.8672260000 0.0296710000
-0.0140128961 -0.0199394677 -0.0299794602 -0.4464670000 -0.8944100000 0.0264100000
0.0355181039 -0.0177894677 -0.0302324602 0.8760150000 -0.4374180000 0.2031330000
0.0386391039 -0.0140524677 -0.0331934602 0.9054630000 -0.3409710000 0.2527340000
-0.0360518961 -0.0072814677 -0.0300144602 -0.5332030000 -0.8459260000 -0.0101960000
-0.0296578961 -0.0110274677 -0.0301794602 -0.5108870000 -0.8595740000 0.0112770000
-0.0253308961 -0.0133544677 -0.0297474602 -0.5061400000 -0.8621000000 0.0246160000
0.0378301039 -0.0117064677 -0.0291144602 0.9285350000 -0.3210840000 0.1863560000
0.0393241039 -0.0084624677 -0.0309704602 0.9403370000 -0.2597650000 0.2197480000
-0.0424838961 0.0000475323 -0.0304654602 -0.9502770000 -0.2799370000 0.1364160000
-0.0401948961 -0.0040014677 -0.0299764602 -0.7555670000 -0.6539790000 0.0378200000
0.0404401039 -0.0018424677 -0.0302484602 0.9816290000 -0.0215760000 0.1895780000
-0.0425328961 0.0057115323 -0.0307914602 -0.9645890000 0.1437670000 0.2211300000
-0.0411618961 0.0084565323 -0.0282104602 -0.9490860000 0.2538940000 0.1864780000
0.0355001039 0.0078635323 -0.0302554602 0.6613050000 0.7501160000 0.0014350000
0.0395071039 0.0039115323 -0.0302184602 0.8873120000 0.4541030000 0.0804180000
-0.0418908961 0.0110545323 -0.0332854602 -0.9175490000 0.2917790000 0.2701280000
-0.0396758961 0.0143485323 -0.0302204602 -0.9083100000 0.3585510000 0.2154380000
0.0209251039 0.0173445323 -0.0300884602 0.5028870000 0.8642350000 0.0142470000
0.0265521039 0.0138445323 -0.0300804602 0.5375530000 0.8432300000 -0.0006510000
0.0311881039 0.0109235323 -0.0299314602 0.5503430000 0.8348140000 -0.0144730000
-0.0359918961 0.0219155323 -0.0306054602 -0.8411190000 0.4906560000 0.2275430000
-0.0330018961 0.0254655323 -0.0287564602 -0.7954900000 0.5712980000 0.2020260000
0.0041321039 0.0255945323 -0.0306004602 0.3660810000 0.9304440000 0.0160640000
0.0101591039 0.0232165323 -0.0299274602 0.4157700000 0.9092610000 0.0194940000
0.0169251039 0.0199925323 -0.0300364602 0.4646300000 0.8852500000 0.0212430000
-0.0340148961 0.0268855323 -0.0335094602 -0.7943620000 0.5370500000 0.2838430000
-0.0300368961 0.0296525323 -0.0301024602 -0.6615460000 0.7232340000 0.1982170000
-0.0221818961 0.0323865323 -0.0301844602 -0.0584410000 0.9974840000 0.0401190000
-0.0134968961 0.0310795323 -0.0299404602 0.1905040000 0.9816600000 -0.0072420000
-0.0054838961 0.0291805323 -0.0304044602 0.2528850000 0.9674780000 0.0059220000
0.0009301039 0.0273425323 -0.0297074602 0.3272440000 0.9448450000 0.0133840000
0.0136991039 -0.0297614677 -0.0233574602 -0.2314420000 -0.9728480000 0.0007750000
0.0190861039 -0.0304104677 -0.0219964602 -0.0450620000 -0.9989250000 0.0108750000
0.0238651039 -0.0301704677 -0.0224064602 0.3557440000 -0.9331280000 0.0521300000
-0.0105548961 -0.0220224677 -0.0221794602 -0.4065040000 -0.9135290000 0.0148520000
-0.0056338961 -0.0236024677 -0.0221764602 -0.3554670000 -0.9346120000 0.0120000000
0.0023871039 -0.0262644677 -0.0221334602 -0.2712230000 -0.9624620000 0.0102810000
0.0102421039 -0.0282784677 -0.0220454602 -0.2420590000 -0.9702450000 0.0057170000
0.0155391039 -0.0293454677 -0.0221744602 -0.2241730000 -0.9745480000 -0.0015040000
0.0277621039 -0.0272864677 -0.0222434602 0.6894670000 -0.7194490000 0.0838400000
0.0311991039 -0.0230674677 -0.0224004602 0.8241760000 -0.5588290000 0.0918890000
-0.0257338961 -0.0139904677 -0.0185624602 -0.4967410000 -0.8676540000 0.0205950000
-0.0212358961 -0.0158234677 -0.0221064602 -0.4964190000 -0.8678290000 0.0209990000
-0.0139808961 -0.0197574677 -0.0220474602 -0.4522310000 -0.8917700000 0.0152790000
-0.0095078961 -0.0215584677 -0.0214674602 -0.4066730000 -0.9135110000 0.0106840000
0.0342331039 -0.0178754677 -0.0222654602 0.8836940000 -0.4611780000 0.0800030000
-0.0361588961 -0.0072894677 -0.0220664602 -0.5355420000 -0.8444950000 0.0047580000
-0.0296548961 -0.0109464677 -0.0221124602 -0.4941250000 -0.8692730000 0.0143060000
-0.0250918961 -0.0133334677 -0.0217524602 -0.4972220000 -0.8674010000 0.0196300000
0.0373731039 -0.0102534677 -0.0220364602 0.9526070000 -0.2946370000 0.0756900000
0.0386501039 -0.0068064677 -0.0236664602 0.9676020000 -0.2298890000 0.1043940000
-0.0418758961 0.0005305323 -0.0231954602 -0.9795830000 -0.1844290000 0.0800240000
-0.0404018961 -0.0025874677 -0.0219074602 -0.8953160000 -0.4435150000 0.0412690000
0.0392731039 -0.0019184677 -0.0222524602 0.9937570000 -0.0789800000 0.0787930000
-0.0418718961 0.0035635323 -0.0243674602 -0.9903260000 0.0608510000 0.1247060000
-0.0407638961 0.0067035323 -0.0219334602 -0.9753740000 0.2025530000 0.0872830000
0.0359131039 0.0075525323 -0.0220724602 0.7266060000 0.6870260000 0.0061980000
0.0390771039 0.0034965323 -0.0226264602 0.9382260000 0.3431350000 0.0446060000
-0.0384718961 0.0141825323 -0.0224024602 -0.9241130000 0.3715750000 0.0891500000
0.0205231039 0.0175675323 -0.0226534602 0.4880150000 0.8727900000 0.0088500000
0.0263741039 0.0142135323 -0.0220984602 0.5207160000 0.8537250000 0.0029460000
0.0314781039 0.0110955323 -0.0220064602 0.5396060000 0.8419170000 -0.0014300000
-0.0351908961 0.0207795323 -0.0225944602 -0.8585080000 0.5033180000 0.0981510000
-0.0324018961 0.0247745323 -0.0219864602 -0.8079000000 0.5815390000 0.0954470000
0.0040121039 0.0254955323 -0.0216694602 0.3634710000 0.9315840000 0.0063490000
0.0102311039 0.0230155323 -0.0221564602 0.4208470000 0.9070880000 0.0089040000
0.0163731039 0.0199315323 -0.0221494602 0.4613150000 0.8871660000 0.0112000000
-0.0290318961 0.0290835323 -0.0223604602 -0.6934510000 0.7150490000 0.0884890000
-0.0219148961 0.0322635323 -0.0219704602 -0.1381650000 0.9901800000 0.0212980000
-0.0137218961 0.0311225323 -0.0221404602 0.1896830000 0.9818160000 -0.0076490000
-0.0056688961 0.0291965323 -0.0221674602 0.2649870000 0.9642520000 -0.0002730000
0.0011271039 0.0272545323 -0.0224244602 0.3362970000 0.9417300000 0.0070550000
0.0139591039 -0.0298304677 -0.0159604602 -0.2309000000 -0.9728340000 0.0166970000
0.0191441039 -0.0303744677 -0.0141414602 -0.0509640000 -0.9986420000 0.0107850000
0.0236861039 -0.0301544677 -0.0141174602 0.3268380000 -0.9447840000 -0.0236510000
-0.0103348961 -0.0219644677 -0.0140534602 -0.4095060000 -0.9122720000 0.0080630000
-0.0055578961 -0.0235274677 -0.0141414602 -0.3537680000 -0.9353000000 0.0078490000
0.0024341039 -0.0261654677 -0.0141644602 -0.2705310000 -0.9626250000 0.0128600000
0.0103131039 -0.0282184677 -0.0140794602 -0.2425640000 -0.9699870000 0.0169820000
0.0158211039 -0.0293114677 -0.0138584602 -0.2223620000 -0.9747200000 0.0218080000
0.0276401039 -0.0272344677 -0.0143824602 0.6740640000 -0.7369720000 -0.0501060000
0.0312461039 -0.0229044677 -0.0139204602 0.8315690000 -0.5516480000 -0.0646300000
-0.0256658961 -0.0140524677 -0.0136874602 -0.4909250000 -0.8709480000 0.0210400000
-0.0210208961 -0.0157494677 -0.0140174602 -0.5000130000 -0.8658790000 0.0155180000
-0.0138358961 -0.0197184677 -0.0141264602 -0.4567560000 -0.8895340000 0.0101650000
-0.0090558961 -0.0215594677 -0.0133044602 -0.4029190000 -0.9152180000 0.0056530000
0.0342041039 -0.0178094677 -0.0142954602 0.8845620000 -0.4633130000 -0.0537710000
-0.0360018961 -0.0072334677 -0.0140464602 -0.5277730000 -0.8490160000 0.0250650000
-0.0295488961 -0.0108654677 -0.0141534602 -0.4914100000 -0.8706940000 0.0202150000
-0.0249678961 -0.0132544677 -0.0138924602 -0.4971510000 -0.8674760000 0.0180380000
0.0373471039 -0.0102904677 -0.0144824602 0.9527740000 -0.2983780000 -0.0564950000
0.0386801039 -0.0064474677 -0.0131114602 0.9701760000 -0.2263850000 -0.0866490000
-0.0417768961 0.0007355323 -0.0130554602 -0.9854970000 -0.1601590000 -0.0560790000
-0.0403288961 -0.0026124677 -0.0141444602 -0.8827320000 -0.4696910000 -0.0132330000
0.0383561039 -0.0044184677 -0.0167714602 0.9841300000 -0.1772780000 -0.0077940000
0.0392701039 -0.0016714677 -0.0143624602 0.9955450000 -0.0713960000 -0.0615900000
-0.0417598961 0.0035075323 -0.0108764602 -0.9899860000 0.0825820000 -0.1144880000
-0.0406868961 0.0063865323 -0.0143714602 -0.9790760000 0.1960310000 -0.0545990000
0.0359481039 0.0075795323 -0.0142734602 0.7178240000 0.6962050000 -0.0053110000
0.0389151039 0.0038595323 -0.0146444602 0.9348370000 0.3533180000 -0.0353180000
-0.0382568961 0.0142325323 -0.0144794602 -0.9260840000 0.3743670000 -0.0470960000
0.0209791039 0.0172005323 -0.0139244602 0.4931550000 0.8699410000 0.0006780000
0.0265801039 0.0137965323 -0.0141744602 0.5251150000 0.8509900000 0.0083830000
0.0315151039 0.0108225323 -0.0143134602 0.5430720000 0.8396260000 0.0100200000
-0.0351228961 0.0205775323 -0.0142894602 -0.8633490000 0.5020010000 -0.0512090000
-0.0325208961 0.0244935323 -0.0146964602 -0.8216620000 0.5679950000 -0.0474700000
0.0042291039 0.0254545323 -0.0139984602 0.3764770000 0.9264160000 -0.0042500000
0.0102131039 0.0230325323 -0.0141844602 0.4225080000 0.9063530000 -0.0032950000
0.0173091039 0.0195835323 -0.0143514602 0.4657590000 0.8849110000 -0.0006300000
-0.0288288961 0.0291755323 -0.0140934602 -0.7002470000 0.7113710000 -0.0600420000
-0.0219498961 0.0322825323 -0.0141274602 -0.1117080000 0.9936370000 -0.0143980000
-0.0137248961 0.0312425323 -0.0140184602 0.1865600000 0.9824440000 -0.0002260000
-0.0057388961 0.0292125323 -0.0141664602 0.2623000000 0.9649860000 -0.0013270000
0.0006281039 0.0273895323 -0.0141684602 0.3298400000 0.9440310000 -0.0033680000
0.0194941039 -0.0302824677 -0.0063644602 -0.0917520000 -0.9954120000 0.0271440000
0.0244111039 -0.0302534677 -0.0058584602 0.2311910000 -0.9712820000 -0.0562280000
-0.0102768961 -0.0220604677 -0.0068584602 -0.4061860000 -0.9137650000 0.0068430000
-0.0055998961 -0.0234604677 -0.0061544602 -0.3514690000 -0.9361670000 0.0077650000
0.0023431039 -0.0260424677 -0.0060474602 -0.2661460000 -0.9638470000 0.0128830000
0.0103521039 -0.0280684677 -0.0060884602 -0.2289970000 -0.9731020000 0.0251710000
0.0165231039 -0.0292224677 -0.0057404602 -0.2045350000 -0.9780650000 0.0394140000
0.0281891039 -0.0281114677 -0.0067894602 0.5965670000 -0.7891960000 -0.1458670000
0.0319391039 -0.0241154677 -0.0057204602 0.8109070000 -0.5445750000 -0.2141690000
-0.0209948961 -0.0156514677 -0.0061014602 -0.5037710000 -0.8637240000 0.0139900000
-0.0138538961 -0.0196404677 -0.0060394602 -0.4615290000 -0.8870800000 0.0089440000
-0.0091798961 -0.0215294677 -0.0059064602 -0.4059850000 -0.9138590000 0.0060880000
0.0353931039 -0.0177904677 -0.0064634602 0.8757080000 -0.4420580000 -0.1942170000
-0.0359108961 -0.0069834677 -0.0062724602 -0.5300990000 -0.8470760000 0.0381660000
-0.0297658961 -0.0105444677 -0.0060634602 -0.5002640000 -0.8655790000 0.0225660000
-0.0248268961 -0.0131934677 -0.0061654602 -0.5007350000 -0.8654690000 0.0151220000
0.0377721039 -0.0117074677 -0.0076234602 0.9299300000 -0.3253650000 -0.1713670000
0.0393031039 -0.0082574677 -0.0057494602 0.9419320000 -0.2600820000 -0.2124180000
-0.0421918961 0.0002575323 -0.0058714602 -0.9488520000 -0.2988760000 -0.1017500000
-0.0398418961 -0.0037494677 -0.0061294602 -0.7396750000 -0.6729640000 0.0008300000
0.0403411039 -0.0017724677 -0.0063934602 0.9832760000 -0.0134000000 -0.1816300000
-0.0423428961 0.0051615323 -0.0051764602 -0.9731430000 0.1092110000 -0.2026480000
-0.0411038961 0.0077705323 -0.0077124602 -0.9564020000 0.2349670000 -0.1734540000
0.0355451039 0.0078255323 -0.0059804602 0.6418960000 0.7667710000 0.0055140000
0.0393751039 0.0039285323 -0.0064064602 0.8757020000 0.4773600000 -0.0726250000
-0.0393168961 0.0142345323 -0.0062834602 -0.9115230000 0.3610180000 -0.1969570000
0.0209541039 0.0172785323 -0.0060844602 0.5018350000 0.8649530000 -0.0042950000
0.0264151039 0.0139985323 -0.0063184602 0.5317860000 0.8468650000 0.0048570000
0.0314971039 0.0109455323 -0.0065684602 0.5420280000 0.8402800000 0.0116250000
-0.0357048961 0.0216985323 -0.0058844602 -0.8458890000 0.4892260000 -0.2124400000
-0.0328068961 0.0254055323 -0.0080814602 -0.8137420000 0.5536340000 -0.1769580000
0.0040521039 0.0255315323 -0.0060084602 0.3738580000 0.9274320000 -0.0100320000
0.0102881039 0.0230645323 -0.0062484602 0.4219740000 0.9065040000 -0.0136910000
0.0164941039 0.0198885323 -0.0060354602 0.4670300000 0.8841850000 -0.0100350000
-0.0296198961 0.0297225323 -0.0059714602 -0.6449220000 0.7432000000 -0.1781270000
-0.0217158961 0.0323335323 -0.0063704602 -0.0162280000 0.9997690000 -0.0140900000
-0.0136058961 0.0311095323 -0.0058164602 0.1851470000 0.9826700000 0.0090100000
-0.0055878961 0.0292305323 -0.0061594602 0.2591240000 0.9658390000 0.0029610000
0.0012421039 0.0272895323 -0.0061304602 0.3281100000 0.9446280000 -0.0045500000
0.0202291039 -0.0301054677 0.0013815398 -0.1312770000 -0.9900480000 0.0507010000
0.0253811039 -0.0302754677 0.0021995398 0.0755590000 -0.9969870000 -0.0175340000
-0.0103218961 -0.0220874677 0.0017235398 -0.4070090000 -0.9133940000 0.0074020000
-0.0055718961 -0.0234294677 0.0019065398 -0.3492940000 -0.9369760000 0.0083320000
0.0023891039 -0.0259444677 0.0020015398 -0.2569090000 -0.9663180000 0.0150530000
0.0103731039 -0.0278574677 0.0019665398 -0.2101130000 -0.9771510000 0.0320660000
0.0173491039 -0.0291264677 0.0022735398 -0.1782530000 -0.9826200000 0.0517980000
0.0285871039 -0.0292424677 0.0011715398 0.3201470000 -0.9399160000 -0.1185920000
0.0335691039 -0.0258854677 0.0023325398 0.7156530000 -0.6280560000 -0.3055930000
-0.0209158961 -0.0155904677 0.0018625398 -0.5072540000 -0.8617120000 0.0120600000
-0.0137698961 -0.0195974677 0.0019225398 -0.4634700000 -0.8860810000 0.0074650000
-0.0091998961 -0.0215484677 0.0036785398 -0.4053350000 -0.9141460000 0.0062940000
0.0370191039 -0.0190334677 0.0004645398 0.8384820000 -0.4295750000 -0.3352810000
0.0396111039 -0.0163534677 0.0032555398 0.8527300000 -0.3732320000 -0.3654450000
-0.0354458961 -0.0068874677 0.0017975398 -0.5465380000 -0.8363830000 0.0419450000
-0.0295818961 -0.0104114677 0.0019095398 -0.5124880000 -0.8583330000 0.0249190000
-0.0246898961 -0.0131794677 0.0021785398 -0.5071740000 -0.8616740000 0.0171190000
0.0412211039 -0.0097404677 0.0015485398 0.9075280000 -0.2445860000 -0.3414250000
-0.0429248961 -0.0000124677 0.0021335398 -0.8500950000 -0.5229300000 -0.0623120000
-0.0394568961 -0.0039134677 0.0019095398 -0.6368170000 -0.7700160000 0.0392390000
0.0422891039 -0.0015754677 0.0017475398 0.9567490000 0.1892200000 -0.2209680000
-0.0439578961 0.0060555323 0.0017335398 -0.9642870000 0.0062080000 -0.2647870000
0.0350311039 0.0079795323 0.0019915398 0.6041330000 0.7966940000 0.0173560000
0.0399051039 0.0038635323 0.0017805398 0.7659750000 0.6420230000 -0.0329960000
-0.0427838961 0.0132805323 0.0030875398 -0.8882400000 0.2901640000 -0.3561380000
-0.0406748961 0.0156895323 0.0004045398 -0.8717250000 0.3549750000 -0.3377700000
0.0205271039 0.0175395323 0.0021095398 0.5042020000 0.8635820000 -0.0026610000
0.0262421039 0.0139635323 0.0019345398 0.5429110000 0.8397840000 0.0031350000
0.0312581039 0.0106565323 0.0024985398 0.5545680000 0.8320570000 0.0116790000
-0.0416908961 0.0191045323 0.0053355398 -0.8440800000 0.3907680000 -0.3671900000
-0.0380728961 0.0223875323 0.0018925398 -0.8133170000 0.4569910000 -0.3601020000
0.0044701039 0.0255655323 0.0013075398 0.3665170000 0.9302850000 -0.0153060000
0.0102391039 0.0232735323 0.0020625398 0.4215170000 0.9066760000 -0.0161850000
0.0166781039 0.0200125323 0.0019235398 0.4739680000 0.8805000000 -0.0086530000
-0.0349678961 0.0279525323 0.0026685398 -0.7365210000 0.5815160000 -0.3455080000
-0.0299178961 0.0313025323 0.0018525398 -0.4213400000 0.8893790000 -0.1774190000
-0.0215858961 0.0320745323 0.0019405398 0.0651350000 0.9977360000 0.0167560000
-0.0138338961 0.0311495323 0.0019105398 0.1679750000 0.9857540000 0.0085530000
-0.0056708961 0.0291785323 0.0019995398 0.2540950000 0.9671750000 -0.0030410000
0.0009461039 0.0273825323 0.0023625398 0.3266050000 0.9451050000 -0.0102520000
0.0209221039 -0.0299274677 0.0091275398 -0.1358110000 -0.9886510000 0.0642300000
0.0267091039 -0.0301864677 0.0097675398 0.0010020000 -0.9996400000 0.0268280000
0.0314261039 -0.0300204677 0.0108075398 0.2924730000 -0.9534660000 -0.0732310000
-0.0101748961 -0.0220274677 0.0092775398 -0.4067270000 -0.9135110000 0.0083720000
-0.0054868961 -0.0233524677 0.0099945398 -0.3436030000 -0.9390560000 0.0105630000
0.0024101039 -0.0258054677 0.0098715398 -0.2463350000 -0.9689620000 0.0207780000
0.0104261039 -0.0275924677 0.0099335398 -0.1882230000 -0.9813830000 0.0382160000
0.0180321039 -0.0288694677 0.0101045398 -0.1561630000 -0.9861300000 0.0562300000
0.0249611039 -0.0294554677 0.0105575398 -0.0892150000 -0.9945830000 0.0533430000
0.0351261039 -0.0274084677 0.0100755398 0.6080840000 -0.7725130000 -0.1829150000
0.0392361039 -0.0231744677 0.0116065398 0.8447610000 -0.4925330000 -0.2092610000
-0.0208618961 -0.0155034677 0.0098665398 -0.5128530000 -0.8583860000 0.0124680000
-0.0137618961 -0.0195254677 0.0099355398 -0.4666560000 -0.8844030000 0.0079640000
-0.0093278961 -0.0214504677 0.0095185398 -0.4055320000 -0.9140520000 0.0073050000
0.0383381039 -0.0214394677 0.0062845398 0.8190630000 -0.4690710000 -0.3303160000
0.0416241039 -0.0177864677 0.0104295398 0.8856290000 -0.4020460000 -0.2324240000
-0.0350678961 -0.0067384677 0.0098695398 -0.5600450000 -0.8276390000 0.0369150000
-0.0296348961 -0.0101494677 0.0098195398 -0.5268640000 -0.8495690000 0.0254380000
-0.0246038961 -0.0130484677 0.0101295398 -0.5125570000 -0.8585070000 0.0158790000
0.0442781039 -0.0100054677 0.0100565398 0.9491600000 -0.2009920000 -0.2422770000
-0.0435528961 0.0003155323 0.0099515398 -0.7517410000 -0.6593540000 0.0117330000
-0.0391558961 -0.0036394677 0.0099835398 -0.6214200000 -0.7823470000 0.0420670000
0.0437291039 -0.0015344677 0.0099765398 0.9099690000 0.4004970000 -0.1075140000
-0.0461038961 0.0060105323 0.0101605398 -0.9667520000 -0.2116450000 -0.1435180000
0.0351301039 0.0076875323 0.0097705398 0.6128430000 0.7900060000 0.0177180000
0.0399481039 0.0036635323 0.0100665398 0.7032300000 0.7108750000 0.0111480000
-0.0450108961 0.0142495323 0.0100275398 -0.9266190000 0.2788580000 -0.2522210000
0.0210731039 0.0172425323 0.0102585398 0.5169190000 0.8559870000 -0.0090080000
0.0263131039 0.0139205323 0.0096865398 0.5499270000 0.8352120000 -0.0008650000
0.0312051039 0.0110445323 0.0092695398 0.5586200000 0.8294170000 0.0033120000
-0.0427338961 0.0204765323 0.0106135398 -0.8760830000 0.4141840000 -0.2468410000
-0.0402978961 0.0241085323 0.0092025398 -0.8347100000 0.4717020000 -0.2841760000
0.0041301039 0.0256995323 0.0101975398 0.3527400000 0.9355620000 -0.0172610000
0.0101651039 0.0234355323 0.0098085398 0.4247850000 0.9050010000 -0.0230190000
0.0166591039 0.0199125323 0.0099555398 0.4877540000 0.8727880000 -0.0183730000
-0.0369218961 0.0292555323 0.0102775398 -0.6760670000 0.7013990000 -0.2257730000
-0.0295658961 0.0321145323 0.0100035398 -0.1116590000 0.9934820000 -0.0229290000
-0.0217088961 0.0319275323 0.0101375398 0.0686080000 0.9972050000 0.0295730000
-0.0136918961 0.0310465323 0.0098295398 0.1487040000 0.9888020000 0.0125430000
-0.0057708961 0.0292975323 0.0097065398 0.2424930000 0.9701480000 -0.0033320000
0.0012831039 0.0273705323 0.0101895398 0.3120910000 0.9499950000 -0.0104480000
0.0215741039 -0.0297494677 0.0155305398 -0.1288060000 -0.9901900000 0.0541520000
0.0271871039 -0.0300614677 0.0174755398 -0.0344100000 -0.9987800000 0.0354230000
0.0320401039 -0.0300414677 0.0179815398 0.2165020000 -0.9762810000 -0.0016660000
-0.0103858961 -0.0220154677 0.0172405398 -0.4004450000 -0.9163170000 0.0026730000
-0.0054558961 -0.0233104677 0.0180045398 -0.3374540000 -0.9413260000 0.0054070000
0.0023921039 -0.0256524677 0.0178565398 -0.2331800000 -0.9723070000 0.0156910000
0.0103871039 -0.0272914677 0.0179015398 -0.1715240000 -0.9846890000 0.0311030000
0.0183681039 -0.0285844677 0.0179415398 -0.1433120000 -0.9887510000 0.0428260000
0.0257261039 -0.0292964677 0.0182075398 -0.0903270000 -0.9951630000 0.0386280000
0.0351401039 -0.0284364677 0.0180775398 0.4596610000 -0.8875900000 -0.0299150000
0.0396621039 -0.0240944677 0.0181805398 0.8580510000 -0.5102750000 -0.0580270000
-0.0206478961 -0.0155074677 0.0179165398 -0.5220690000 -0.8528420000 0.0101830000
-0.0137408961 -0.0194994677 0.0179035398 -0.4675010000 -0.8839880000 0.0028770000
-0.0091848961 -0.0215514677 0.0174935398 -0.4020930000 -0.9155940000 0.0029860000
0.0427371039 -0.0177964677 0.0182065398 0.9111220000 -0.4105890000 -0.0356850000
-0.0349188961 -0.0065414677 0.0178225398 -0.5655110000 -0.8241780000 0.0304710000
-0.0297138961 -0.0098424677 0.0178785398 -0.5360100000 -0.8438070000 0.0261480000
-0.0245468961 -0.0129394677 0.0177885398 -0.5252120000 -0.8507560000 0.0191550000
0.0455631039 -0.0100184677 0.0180295398 0.9773990000 -0.2007640000 -0.0662200000
0.0464991039 -0.0074104677 0.0200805398 0.9990870000 0.0341660000 -0.0256360000
-0.0432948961 0.0003995323 0.0177805398 -0.7160500000 -0.6973450000 0.0313290000
-0.0387838961 -0.0035134677 0.0179175398 -0.6223610000 -0.7819590000 0.0347380000
0.0442831039 -0.0017134677 0.0178435398 0.8731780000 0.4871550000 -0.0154880000
0.0469731039 -0.0042954677 0.0200295398 0.8124420000 0.5803950000 0.0554890000
-0.0467088961 0.0059075323 0.0180565398 -0.9396840000 -0.3417590000 -0.0139770000
0.0351131039 0.0075795323 0.0178475398 0.6259540000 0.7798600000 -0.0000040000
0.0397681039 0.0035915323 0.0180675398 0.6877040000 0.7259370000 0.0088040000
-0.0463808961 0.0143775323 0.0180105398 -0.9586900000 0.2768670000 -0.0652460000
0.0209771039 0.0173665323 0.0176495398 0.5298080000 0.8479980000 -0.0142090000
0.0264441039 0.0138265323 0.0179855398 0.5551480000 0.8316500000 -0.0130120000
0.0308251039 0.0108365323 0.0178725398 0.5746540000 0.8183250000 -0.0107910000
-0.0433988961 0.0217705323 0.0182115398 -0.9023820000 0.4276460000 -0.0531500000
-0.0412678961 0.0255775323 0.0176145398 -0.8630140000 0.4972820000 -0.0889800000
0.0046951039 0.0255915323 0.0183795398 0.3492200000 0.9368690000 -0.0179440000
0.0104231039 0.0235335323 0.0181495398 0.4252650000 0.9049200000 -0.0164300000
0.0170421039 0.0199735323 0.0177975398 0.4939940000 0.8693050000 -0.0167090000
-0.0381498961 0.0295215323 0.0180845398 -0.6707870000 0.7387720000 -0.0652700000
-0.0297298961 0.0321185323 0.0179765398 -0.0382020000 0.9992230000 0.0097200000
-0.0215118961 0.0317045323 0.0179415398 0.0664910000 0.9976680000 0.0153930000
-0.0137418961 0.0308925323 0.0179935398 0.1326470000 0.9911240000 0.0088680000
-0.0054748961 0.0292685323 0.0179545398 0.2352360000 0.9719240000 -0.0053040000
0.0016621039 0.0273335323 0.0175375398 0.3055260000 0.9521070000 -0.0120690000
0.0276341039 -0.0299344677 0.0258375398 -0.0247710000 -0.9995620000 0.0162080000
0.0318721039 -0.0299334677 0.0257405398 0.1951110000 -0.9800830000 0.0370090000
-0.0103858961 -0.0220054677 0.0260855398 -0.3895560000 -0.9209960000 -0.0034890000
-0.0053958961 -0.0233044677 0.0259145398 -0.3317130000 -0.9433780000 -0.0021850000
0.0023611039 -0.0255754677 0.0258645398 -0.2250560000 -0.9743430000 0.0023100000
0.0103771039 -0.0271304677 0.0258975398 -0.1627170000 -0.9866590000 0.0051900000
0.0183821039 -0.0283574677 0.0259045398 -0.1418740000 -0.9898610000 0.0068730000
0.0258791039 -0.0291834677 0.0257935398 -0.0885500000 -0.9960230000 0.0098700000
0.0352291039 -0.0282394677 0.0261185398 0.4811780000 -0.8743340000 0.0633090000
0.0396991039 -0.0240134677 0.0257925398 0.8586120000 -0.5087550000 0.0628810000
-0.0204998961 -0.0155424677 0.0258755398 -0.5307830000 -0.8474990000 -0.0037870000
-0.0137508961 -0.0195104677 0.0259075398 -0.4675100000 -0.8839630000 -0.0065600000
-0.0093238961 -0.0215314677 0.0258515398 -0.3992970000 -0.9167990000 -0.0064080000
0.0427361039 -0.0177034677 0.0260905398 0.9107980000 -0.4104510000 0.0444640000
-0.0347188961 -0.0064234677 0.0256615398 -0.5702850000 -0.8212530000 0.0178420000
-0.0296448961 -0.0096894677 0.0259195398 -0.5440640000 -0.8389920000 0.0092940000
-0.0245048961 -0.0129054677 0.0258885398 -0.5333530000 -0.8458920000 0.0009400000
0.0455641039 -0.0099614677 0.0262545398 0.9776550000 -0.1954630000 0.0773610000
0.0464901039 -0.0077884677 0.0240115398 0.9992470000 0.0212740000 0.0324330000
-0.0431898961 0.0006385323 0.0259235398 -0.7169490000 -0.6965680000 0.0278950000
-0.0387098961 -0.0032994677 0.0258245398 -0.6265210000 -0.7791250000 0.0208490000
0.0442791039 -0.0018914677 0.0259305398 0.8862770000 0.4617230000 0.0363900000
0.0469881039 -0.0045204677 0.0247425398 0.8623260000 0.4998430000 0.0809420000
-0.0465838961 0.0060015323 0.0258545398 -0.9358160000 -0.3467950000 0.0630990000
0.0351201039 0.0076345323 0.0257265398 0.6351810000 0.7722410000 -0.0137500000
0.0398861039 0.0035375323 0.0257835398 0.7023270000 0.7118490000 -0.0026640000
-0.0463658961 0.0142265323 0.0261095398 -0.9609820000 0.2653190000 0.0782270000
0.0209591039 0.0175365323 0.0259895398 0.5269180000 0.8494830000 -0.0271320000
0.0266171039 0.0139855323 0.0257395398 0.5557450000 0.8309660000 -0.0253660000
0.0313621039 0.0107105323 0.0265155398 0.5920740000 0.8056060000 -0.0211360000
-0.0433188961 0.0219305323 0.0260125398 -0.9040390000 0.4238820000 0.0551110000
-0.0412468961 0.0254415323 0.0271805398 -0.8576640000 0.5058950000 0.0921010000
0.0047241039 0.0257455323 0.0259515398 0.3449980000 0.9383210000 -0.0230310000
0.0102161039 0.0237395323 0.0259435398 0.4245580000 0.9050450000 -0.0253790000
0.0171051039 0.0201035323 0.0259485398 0.4895190000 0.8716300000 -0.0251640000
-0.0381948961 0.0294265323 0.0260775398 -0.6677300000 0.7416020000 0.0645210000
-0.0296358961 0.0319925323 0.0257205398 -0.0585060000 0.9982840000 0.0023890000
-0.0218088961 0.0316955323 0.0258365398 0.0611240000 0.9980670000 -0.0112330000
-0.0136798961 0.0309815323 0.0260455398 0.1251410000 0.9920590000 -0.0126030000
-0.0057248961 0.0294355323 0.0259345398 0.2245060000 0.9742780000 -0.0194670000
0.0013241039 0.0275385323 0.0259615398 0.2985950000 0.9541290000 -0.0218900000
0.0215371039 -0.0296874677 0.0374955398 -0.1168630000 -0.9918870000 -0.0500290000
0.0274001039 -0.0299014677 0.0339185398 0.0493610000 -0.9984530000 0.0255900000
0.0312401039 -0.0298434677 0.0320055398 0.2588680000 -0.9622160000 0.0844280000
-0.0103168961 -0.0219674677 0.0343005398 -0.3976280000 -0.9171730000 -0.0261790000
-0.0055918961 -0.0233284677 0.0338445398 -0.3318260000 -0.9430570000 -0.0231220000
0.0024051039 -0.0256644677 0.0337915398 -0.2263600000 -0.9736230000 -0.0286270000
0.0103681039 -0.0272434677 0.0338825398 -0.1655110000 -0.9855190000 -0.0368700000
0.0183671039 -0.0284994677 0.0338705398 -0.1402440000 -0.9893730000 -0.0383860000
0.0260941039 -0.0292054677 0.0337505398 -0.0319390000 -0.9994890000 0.0010100000
0.0350071039 -0.0270304677 0.0342785398 0.5968290000 -0.7745850000 0.2093150000
0.0391911039 -0.0230764677 0.0328145398 0.8359250000 -0.5020540000 0.2217450000
-0.0207048961 -0.0156024677 0.0338455398 -0.5324480000 -0.8456730000 -0.0365530000
-0.0137678961 -0.0196264677 0.0339175398 -0.4623380000 -0.8862270000 -0.0290800000
-0.0092438961 -0.0215224677 0.0334715398 -0.3939730000 -0.9187370000 -0.0266070000
0.0380811039 -0.0214134677 0.0375415398 0.8143920000 -0.4680370000 0.3430860000
0.0414781039 -0.0178004677 0.0341705398 0.8785870000 -0.4051080000 0.2529280000
-0.0346058961 -0.0064664677 0.0341925398 -0.5807860000 -0.8139260000 -0.0145550000
-0.0296578961 -0.0097444677 0.0337825398 -0.5552350000 -0.8313130000 -0.0251520000
-0.0245228961 -0.0129584677 0.0336455398 -0.5395140000 -0.8412600000 -0.0347330000
0.0442701039 -0.0098784677 0.0341045398 0.9469020000 -0.1941400000 0.2562940000
0.0468331039 -0.0072944677 0.0315235398 0.9750350000 0.1658550000 0.1476450000
-0.0430838961 0.0008165323 0.0336245398 -0.7598280000 -0.6488350000 0.0409340000
-0.0386478961 -0.0032304677 0.0338075398 -0.6373180000 -0.7706010000 0.0007130000
0.0438371039 -0.0021754677 0.0342085398 0.9338960000 0.3258650000 0.1471410000
0.0466811039 -0.0047684677 0.0302425398 0.9138050000 0.3873840000 0.1220430000
-0.0457128961 0.0062425323 0.0339905398 -0.9571710000 -0.2263700000 0.1805020000
0.0352741039 0.0077495323 0.0339585398 0.6482710000 0.7609020000 -0.0277990000
0.0396591039 0.0038795323 0.0340025398 0.7283870000 0.6851600000 0.0030210000
-0.0450128961 0.0142665323 0.0341255398 -0.9331670000 0.2535530000 0.2547730000
0.0213391039 0.0177055323 0.0342125398 0.5285270000 0.8473840000 -0.0509790000
0.0264101039 0.0143465323 0.0338475398 0.5605550000 0.8269040000 -0.0448160000
0.0313191039 0.0110175323 0.0342865398 0.5970150000 0.8012880000 -0.0388650000
-0.0428108961 0.0207125323 0.0336515398 -0.8820250000 0.4045770000 0.2415570000
-0.0404108961 0.0242875323 0.0349435398 -0.8316080000 0.4836800000 0.2729150000
0.0049671039 0.0259125323 0.0334325398 0.3559580000 0.9335990000 -0.0410630000
0.0102601039 0.0239755323 0.0338015398 0.4169680000 0.9079190000 -0.0426720000
0.0169971039 0.0204375323 0.0338275398 0.4848400000 0.8733860000 -0.0461230000
-0.0372418961 0.0290565323 0.0338865398 -0.6881100000 0.6912920000 0.2204980000
-0.0300508961 0.0319785323 0.0340725398 -0.1738290000 0.9832520000 0.0547620000
-0.0215998961 0.0319035323 0.0340965398 0.0564850000 0.9979280000 -0.0308050000
-0.0134518961 0.0311155323 0.0336325398 0.1261330000 0.9914890000 -0.0322350000
-0.0057308961 0.0297025323 0.0340965398 0.2168330000 0.9754400000 -0.0387250000
0.0019181039 0.0276365323 0.0339155398 0.3050240000 0.9514770000 -0.0406520000
0.0211451039 -0.0298294677 0.0428805398 -0.0028790000 -0.9990150000 0.0442740000
0.0252151039 -0.0298764677 0.0408045398 0.1226000000 -0.9867590000 0.1061850000
-0.0104608961 -0.0220444677 0.0428435398 -0.3960610000 -0.9168400000 -0.0504000000
-0.0056698961 -0.0236214677 0.0418765398 -0.3333040000 -0.9415860000 -0.0482140000
0.0024081039 -0.0260584677 0.0419255398 -0.2365440000 -0.9698870000 -0.0580190000
0.0104011039 -0.0277114677 0.0417935398 -0.1698390000 -0.9830200000 -0.0694730000
0.0180881039 -0.0288974677 0.0420175398 -0.1100340000 -0.9929970000 -0.0430000000
0.0270821039 -0.0287444677 0.0425375398 0.2716550000 -0.9366630000 0.2210570000
0.0337021039 -0.0251804677 0.0416995398 0.6724500000 -0.6216950000 0.4016290000
0.0384001039 -0.0218674677 0.0391395398 0.8076260000 -0.4656760000 0.3617820000
-0.0210708961 -0.0158694677 0.0419265398 -0.5258480000 -0.8479270000 -0.0671050000
-0.0140948961 -0.0198644677 0.0418355398 -0.4543070000 -0.8892210000 -0.0537650000
-0.0095808961 -0.0216194677 0.0383735398 -0.3981100000 -0.9164050000 -0.0413590000
0.0368491039 -0.0189854677 0.0433665398 0.7773970000 -0.4234560000 0.4651220000
0.0397491039 -0.0164884677 0.0406565398 0.8327120000 -0.3726730000 0.4095180000
-0.0348418961 -0.0066134677 0.0421405398 -0.6024030000 -0.7970240000 -0.0431670000
-0.0295618961 -0.0102564677 0.0418005398 -0.5657610000 -0.8220820000 -0.0640030000
-0.0249378961 -0.0131714677 0.0412445398 -0.5456150000 -0.8350860000 -0.0702480000
0.0383111039 -0.0134564677 0.0455405398 0.8079230000 -0.2976540000 0.5085890000
0.0413121039 -0.0096514677 0.0420835398 0.8742300000 -0.2145190000 0.4355490000
-0.0424088961 0.0009085323 0.0410795398 -0.8561750000 -0.4802770000 0.1905230000
-0.0391818961 -0.0025884677 0.0422565398 -0.7445170000 -0.6620090000 0.0862440000
0.0418881039 -0.0020444677 0.0423135398 0.9226740000 0.1280700000 0.3636900000
-0.0434338961 0.0062355323 0.0419045398 -0.9239180000 -0.0611790000 0.3776680000
-0.0414768961 0.0064835323 0.0454485398 -0.8838840000 0.0013360000 0.4677050000
0.0357921039 0.0075925323 0.0421085398 0.7060460000 0.7077560000 0.0240890000
0.0395901039 0.0037395323 0.0422575398 0.8305760000 0.5323640000 0.1635000000
-0.0428968961 0.0136025323 0.0407855398 -0.8805450000 0.2429970000 0.4069310000
-0.0405568961 0.0152715323 0.0441735398 -0.8318300000 0.2819910000 0.4780600000
0.0217411039 0.0180575323 0.0420825398 0.5358150000 0.8417220000 -0.0663790000
0.0266841039 0.0147115323 0.0418755398 0.5697370000 0.8197320000 -0.0586390000
0.0317491039 0.0111585323 0.0421135398 0.6205190000 0.7833120000 -0.0371210000
-0.0418788961 0.0191505323 0.0390835398 -0.8524010000 0.3720050000 0.3674580000
-0.0382718961 0.0224355323 0.0423305398 -0.7824650000 0.4397110000 0.4409110000
-0.0327208961 0.0258115323 0.0456945398 -0.6504140000 0.5694040000 0.5027330000
0.0057951039 0.0259795323 0.0414575398 0.3577450000 0.9317020000 -0.0628490000
0.0108301039 0.0241635323 0.0416655398 0.4192890000 0.9058020000 -0.0609860000
0.0176221039 0.0206265323 0.0418975398 0.4870670000 0.8709220000 -0.0652770000
-0.0353678961 0.0280765323 0.0411125398 -0.7047520000 0.5865900000 0.3990450000
-0.0303738961 0.0306955323 0.0424365398 -0.4482860000 0.8386860000 0.3092650000
-0.0215858961 0.0322305323 0.0421795398 -0.0102100000 0.9995100000 0.0295950000
-0.0132688961 0.0313715323 0.0418115398 0.1187310000 0.9920910000 -0.0407140000
-0.0055848961 0.0301365323 0.0420685398 0.2079260000 0.9765980000 -0.0549790000
0.0018571039 0.0279245323 0.0418245398 0.3032570000 0.9509800000 -0.0605900000
0.0067111039 0.0271495323 0.0430065398 0.3615840000 0.9304360000 -0.0595440000
0.0116541039 -0.0297714677 0.0512135398 0.1715840000 -0.8812210000 0.4404640000
0.0195761039 -0.0298104677 0.0471565398 0.1218720000 -0.9682700000 0.2181760000
-0.0105728961 -0.0221424677 0.0495745398 -0.3922830000 -0.9189820000 -0.0398270000
-0.0056448961 -0.0239494677 0.0495795398 -0.3381670000 -0.9397210000 -0.0506610000
0.0022501039 -0.0264544677 0.0493575398 -0.2545670000 -0.9635030000 -0.0828120000
0.0108431039 -0.0284374677 0.0502165398 -0.0670920000 -0.9963630000 0.0525330000
0.0187591039 -0.0283514677 0.0506595398 0.1693860000 -0.9263110000 0.3365340000
0.0263851039 -0.0256544677 0.0499665398 0.5020880000 -0.6653150000 0.5525070000
0.0317101039 -0.0233394677 0.0473035398 0.6693730000 -0.4980970000 0.5512160000
-0.0264038961 -0.0139064677 0.0506855398 -0.5507500000 -0.8186850000 -0.1625690000
-0.0213318961 -0.0162904677 0.0495005398 -0.5069840000 -0.8572590000 -0.0898620000
-0.0144468961 -0.0201054677 0.0496755398 -0.4463630000 -0.8934540000 -0.0499970000
0.0290691039 -0.0196154677 0.0526025398 0.6150660000 -0.4229290000 0.6654510000
0.0334681039 -0.0172834677 0.0495015398 0.7020870000 -0.3853190000 0.5988350000
0.0388151039 -0.0142994677 0.0468425398 0.7844530000 -0.3015710000 0.5419300000
-0.0346978961 -0.0067574677 0.0496395398 -0.7314660000 -0.6554270000 0.1880780000
-0.0303438961 -0.0102924677 0.0502135398 -0.6610140000 -0.7489260000 0.0465780000
-0.0250478961 -0.0135334677 0.0477835398 -0.5440710000 -0.8344500000 -0.0876310000
0.0355881039 -0.0100714677 0.0506515398 0.7462390000 -0.2336260000 0.6233350000
0.0390801039 -0.0083174677 0.0470795398 0.8168500000 -0.1898600000 0.5447100000
-0.0376958961 -0.0015864677 0.0501405398 -0.8252540000 -0.3467250000 0.4458000000
0.0364501039 -0.0018694677 0.0515435398 0.7728590000 -0.0404520000 0.6332880000
0.0394711039 -0.0018924677 0.0476135398 0.8514560000 0.0144340000 0.5242270000
-0.0418958961 0.0051175323 0.0462815398 -0.8743670000 -0.0278810000 0.4844640000
-0.0385828961 0.0063485323 0.0502555398 -0.7937970000 0.0771970000 0.6032630000
0.0354041039 0.0060015323 0.0506395398 0.8124660000 0.3835280000 0.4390960000
0.0388491039 0.0032885323 0.0470295398 0.8630890000 0.3283770000 0.3837260000
-0.0370448961 0.0141145323 0.0499325398 -0.7525120000 0.2574570000 0.6061700000
-0.0328748961 0.0168585323 0.0531305398 -0.6603250000 0.3285840000 0.6752800000
0.0223701039 0.0181155323 0.0463005398 0.5351540000 0.8406060000 -0.0836130000
0.0272861039 0.0150555323 0.0504685398 0.6602130000 0.7490610000 0.0550200000
0.0315661039 0.0114465323 0.0510495398 0.7542930000 0.6030200000 0.2596310000
-0.0353038961 0.0210805323 0.0482395398 -0.7154330000 0.4079190000 0.5672370000
-0.0309628961 0.0231205323 0.0514075398 -0.6270470000 0.4461240000 0.6385810000
-0.0245748961 0.0258855323 0.0536825398 -0.4738070000 0.5979490000 0.6465010000
0.0061621039 0.0262415323 0.0476895398 0.3646190000 0.9297900000 -0.0504310000
0.0107421039 0.0246355323 0.0496415398 0.4148490000 0.9058770000 -0.0853670000
0.0179981039 0.0210175323 0.0493675398 0.4777500000 0.8722030000 -0.1049610000
-0.0336308961 0.0266855323 0.0462355398 -0.6820870000 0.4932060000 0.5399120000
-0.0288338961 0.0284125323 0.0490905398 -0.5545010000 0.6161420000 0.5593720000
-0.0223768961 0.0305115323 0.0507535398 -0.3200550000 0.8254860000 0.4649060000
-0.0138528961 0.0317585323 0.0505325398 -0.0351740000 0.9849770000 0.1690680000
-0.0056338961 0.0305915323 0.0496595398 0.1853960000 0.9807060000 -0.0620050000
0.0020881039 0.0283055323 0.0496035398 0.3022500000 0.9489350000 -0.0903770000
0.0075451039 0.0272225323 0.0499605398 0.3629520000 0.9267160000 -0.0972790000
0.0105971039 -0.0299154677 0.0548915398 0.2595030000 -0.7168910000 0.6470900000
-0.0180918961 -0.0218644677 0.0586595398 -0.4425910000 -0.6998790000 0.5606090000
-0.0125918961 -0.0231914677 0.0597375398 -0.3723770000 -0.7883270000 0.4897710000
-0.0054718961 -0.0255624677 0.0597095398 -0.1760220000 -0.8476680000 0.5004750000
0.0027121039 -0.0267774677 0.0589215398 0.0467010000 -0.8544650000 0.5174050000
0.0105071039 -0.0259364677 0.0582975398 0.2073670000 -0.7846890000 0.5841760000
0.0180211039 -0.0245944677 0.0568865398 0.3601090000 -0.6284470000 0.6894750000
0.0238251039 -0.0231354677 0.0548215398 0.4997100000 -0.5019740000 0.7059130000
-0.0265348961 -0.0144694677 0.0559735398 -0.7074790000 -0.5875040000 0.3928260000
-0.0216078961 -0.0170964677 0.0592075398 -0.6071380000 -0.5964300000 0.5250290000
-0.0158948961 -0.0206804677 0.0599035398 -0.4736760000 -0.7295690000 0.4933150000
0.0137021039 -0.0213924677 0.0615395398 0.3778030000 -0.6068720000 0.6992650000
0.0194941039 -0.0188144677 0.0600025398 0.4897640000 -0.4736490000 0.7319750000
0.0257601039 -0.0172714677 0.0566675398 0.5544740000 -0.3841890000 0.7382130000
0.0311061039 -0.0144484677 0.0543645398 0.6389100000 -0.3160560000 0.7013570000
-0.0340388961 -0.0060564677 0.0542775398 -0.7526540000 -0.4243230000 0.5034500000
-0.0286808961 -0.0091804677 0.0577045398 -0.7076230000 -0.4101350000 0.5753780000
-0.0244848961 -0.0118054677 0.0606665398 -0.6591120000 -0.4277660000 0.6185370000
0.0219081039 -0.0131514677 0.0614665398 0.6046710000 -0.3879670000 0.6955970000
0.0268861039 -0.0100314677 0.0588695398 0.6201420000 -0.2628040000 0.7391610000
0.0317971039 -0.0090544677 0.0552025398 0.6607110000 -0.2114650000 0.7202380000
-0.0346808961 -0.0010924677 0.0549875398 -0.7308390000 -0.1491400000 0.6660560000
-0.0303048961 -0.0018714677 0.0588065398 -0.6755330000 -0.1095590000 0.7291450000
0.0280231039 -0.0019124677 0.0596725398 0.6763350000 -0.0758300000 0.7326800000
0.0325111039 -0.0016414677 0.0558395398 0.6795760000 -0.0577810000 0.7313260000
-0.0346538961 0.0057855323 0.0549865398 -0.6902640000 0.0896290000 0.7179850000
-0.0300838961 0.0064185323 0.0587825398 -0.6556980000 0.1102350000 0.7469330000
-0.0254428961 0.0100295323 0.0612375398 -0.6453610000 0.2531530000 0.7207100000
0.0279371039 0.0064125323 0.0595085398 0.6888420000 0.1458740000 0.7100830000
0.0321951039 0.0056365323 0.0557615398 0.7147070000 0.1839410000 0.6748030000
-0.0341148961 0.0119135323 0.0543505398 -0.6808610000 0.2026590000 0.7038160000
-0.0295808961 0.0141235323 0.0572815398 -0.6138450000 0.2675620000 0.7427010000
-0.0241688961 0.0157765323 0.0606445398 -0.5929530000 0.3580550000 0.7212520000
0.0213861039 0.0172055323 0.0609265398 0.6399110000 0.4907500000 0.5913370000
0.0259931039 0.0138745323 0.0582445398 0.7013350000 0.4251780000 0.5721480000
0.0309411039 0.0108815323 0.0548805398 0.7386490000 0.4121220000 0.5334340000
-0.0278038961 0.0210885323 0.0556005398 -0.5580560000 0.3982540000 0.7279890000
-0.0220368961 0.0225255323 0.0585765398 -0.4876990000 0.4656410000 0.7384630000
-0.0153888961 0.0248025323 0.0606655398 -0.3845580000 0.5977490000 0.7034280000
-0.0095638961 0.0254145323 0.0618255398 -0.2700520000 0.7138560000 0.6461270000
0.0121671039 0.0251575323 0.0597605398 0.4181260000 0.7973240000 0.4352530000
0.0185681039 0.0216005323 0.0594455398 0.5719960000 0.6384300000 0.5150040000
0.0234491039 0.0191515323 0.0565385398 0.6764590000 0.5992100000 0.4281960000
-0.0207808961 0.0279895323 0.0557355398 -0.3971880000 0.5992650000 0.6950700000
-0.0136578961 0.0287755323 0.0578405398 -0.2610090000 0.7354100000 0.6253370000
-0.0059288961 0.0298145323 0.0585485398 -0.1063410000 0.8522220000 0.5122600000
0.0022351039 0.0292415323 0.0592615398 0.1097070000 0.8813290000 0.4595900000
0.0095151039 0.0274475323 0.0594845398 0.3272960000 0.8408430000 0.4311150000
0.0145661039 0.0266715323 0.0589615398 0.4706280000 0.8241950000 0.3149780000
-0.0109148961 -0.0222914677 0.0626185398 -0.3097740000 -0.7283380000 0.6111980000
-0.0051508961 -0.0230844677 0.0636115398 -0.1473920000 -0.7700780000 0.6206900000
0.0022671039 -0.0232804677 0.0638435398 0.0780420000 -0.7704240000 0.6327370000
0.0087981039 -0.0226534677 0.0629575398 0.2700660000 -0.6970320000 0.6642370000
0.0143911039 -0.0224854677 0.0623865398 0.3648460000 -0.6080150000 0.7051270000
-0.0192008961 -0.0154584677 0.0634265398 -0.5676540000 -0.5319830000 0.6283020000
-0.0134758961 -0.0175814677 0.0657655398 -0.4235060000 -0.6399590000 0.6411670000
-0.0059148961 -0.0193204677 0.0675925398 -0.1899320000 -0.7337730000 0.6523060000
0.0025711039 -0.0195604677 0.0679255398 0.1125250000 -0.7437630000 0.6589040000
0.0106111039 -0.0181474677 0.0664835398 0.3774370000 -0.6404370000 0.6688660000
0.0168251039 -0.0162694677 0.0639745398 0.5342520000 -0.5207580000 0.6658720000
-0.0260378961 -0.0065354677 0.0622295398 -0.6858900000 -0.2355350000 0.6885330000
-0.0212338961 -0.0094824677 0.0653865398 -0.6554340000 -0.3616280000 0.6630470000
-0.0158288961 -0.0116814677 0.0688305398 -0.5864630000 -0.5057590000 0.6326680000
0.0131731039 -0.0126284677 0.0692995398 0.5482850000 -0.5416540000 0.6371770000
0.0187811039 -0.0100224677 0.0663855398 0.6452940000 -0.3829630000 0.6610100000
0.0233911039 -0.0080994677 0.0629905398 0.6905090000 -0.2764220000 0.6684220000
-0.0263568961 -0.0012934677 0.0626965398 -0.7230350000 -0.0817040000 0.6859630000
-0.0225038961 -0.0019184677 0.0666375398 -0.7378010000 -0.1200280000 0.6642610000
0.0203261039 -0.0020774677 0.0678685398 0.7469940000 -0.1269360000 0.6526010000
0.0240971039 -0.0016484677 0.0639115398 0.7491950000 -0.0914400000 0.6560070000
-0.0262268961 0.0054705323 0.0625935398 -0.7219930000 0.1049140000 0.6839000000
-0.0223598961 0.0063845323 0.0664255398 -0.7332820000 0.1532520000 0.6624280000
-0.0172558961 0.0098265323 0.0694955398 -0.7795540000 0.3385850000 0.5269310000
0.0201991039 0.0065385323 0.0677115398 0.7410280000 0.1774300000 0.6476080000
0.0240181039 0.0058005323 0.0638105398 0.7428910000 0.1300570000 0.6566570000
-0.0210438961 0.0137145323 0.0648755398 -0.6425520000 0.3720980000 0.6698280000
-0.0154358961 0.0158365323 0.0682085398 -0.5955460000 0.5297150000 0.6039260000
-0.0094788961 0.0174775323 0.0696455398 -0.4132330000 0.7148630000 0.5641000000
0.0126351039 0.0169885323 0.0688605398 0.5282510000 0.6452140000 0.5519510000
0.0185601039 0.0142775323 0.0659125398 0.6388160000 0.4362420000 0.6337250000
0.0232191039 0.0118885323 0.0628095398 0.6912090000 0.3214930000 0.6472040000
-0.0189268961 0.0195165323 0.0630015398 -0.5466520000 0.5049360000 0.6679900000
-0.0134618961 0.0216205323 0.0649895398 -0.4307360000 0.6178330000 0.6578370000
-0.0060758961 0.0232995323 0.0665655398 -0.2218680000 0.7560710000 0.6157360000
0.0025501039 0.0236725323 0.0666585398 0.1006160000 0.7952700000 0.5978480000
0.0102271039 0.0220485323 0.0656985398 0.3592460000 0.7073900000 0.6087220000
0.0162531039 0.0199865323 0.0636045398 0.5181240000 0.5978830000 0.6116240000
-0.0098328961 0.0265325323 0.0623575398 -0.2816690000 0.7036560000 0.6523270000
-0.0048538961 0.0271725323 0.0628655398 -0.1417550000 0.7679600000 0.6246150000
0.0020221039 0.0272235323 0.0630765398 0.0568310000 0.7942760000 0.6048930000
0.0080801039 0.0270575323 0.0622285398 0.2426990000 0.7776280000 0.5799930000
-0.0112578961 -0.0148904677 0.0743935398 -0.5395880000 -0.8419080000 0.0059980000
-0.0055948961 -0.0171804677 0.0740315398 -0.2440180000 -0.9685640000 0.0483630000
0.0025701039 -0.0177284677 0.0741005398 0.1731910000 -0.9840740000 0.0400420000
0.0092241039 -0.0154354677 0.0742505398 0.4974260000 -0.8673540000 0.0162540000
-0.0181998961 -0.0068584677 0.0745505398 -0.8958340000 -0.4436170000 -0.0261720000
-0.0153388961 -0.0107574677 0.0739915398 -0.7679860000 -0.6395990000 0.0333240000
0.0131251039 -0.0125604677 0.0738855398 0.7037900000 -0.7101790000 0.0180540000
0.0161741039 -0.0086814677 0.0744515398 0.8597870000 -0.5103370000 -0.0179530000
-0.0195488961 -0.0017394677 0.0741555398 -0.9813320000 -0.1923160000 -0.0014610000
-0.0175308961 -0.0051024677 0.0702945398 -0.8793660000 -0.2982230000 0.3711850000
0.0187361039 -0.0019394677 0.0742135398 0.9835980000 -0.1799590000 -0.0122350000
-0.0195398961 0.0061685323 0.0742195398 -0.9800550000 0.1955730000 -0.0352770000
-0.0172188961 0.0098285323 0.0701395398 -0.8906210000 0.4017940000 0.2129710000
0.0184581039 0.0060665323 0.0741445398 0.9749140000 0.2225720000 0.0018780000
-0.0180008961 0.0111645323 0.0747425398 -0.8949190000 0.4440840000 -0.0437020000
-0.0150588961 0.0148625323 0.0739635398 -0.7729670000 0.6343090000 -0.0132130000
-0.0094988961 0.0181635323 0.0729925398 -0.4625670000 0.8743630000 0.1467000000
0.0121101039 0.0165065323 0.0740255398 0.6613270000 0.7487100000 0.0455980000
0.0159651039 0.0123305323 0.0742435398 0.8334430000 0.5519700000 0.0265030000
-0.0106758961 0.0189785323 0.0745655398 -0.5288410000 0.8485380000 -0.0176350000
-0.0057798961 0.0208355323 0.0740675398 -0.3069060000 0.9513310000 0.0278780000
0.0026361039 0.0212255323 0.0738715398 0.1335300000 0.9892440000 0.0597220000
0.0086751039 0.0195565323 0.0750105398 0.4027770000 0.9131330000 0.0629150000
-0.0112538961 -0.0147974677 0.0811525398 -0.4572130000 -0.7316590000 0.5055990000
-0.0054248961 -0.0162994677 0.0820845398 -0.1635720000 -0.6383440000 0.7521710000
0.0022381039 -0.0166144677 0.0820905398 0.1055430000 -0.6212670000 0.7764580000
0.0090091039 -0.0152054677 0.0813585398 0.4135530000 -0.7112300000 0.5684420000
-0.0182638961 -0.0069244677 0.0805895398 -0.8316400000 -0.4193740000 0.3640060000
-0.0137138961 -0.0096424677 0.0826745398 -0.3785870000 -0.3073590000 0.8730420000
-0.0061368961 -0.0107164677 0.0840865398 -0.1784850000 -0.4259840000 0.8869500000
0.0025831039 -0.0112414677 0.0839935398 0.1241030000 -0.4905650000 0.8625220000
0.0105451039 -0.0098924677 0.0831295398 0.2889990000 -0.2928880000 0.9114250000
0.0159731039 -0.0083024677 0.0815315398 0.6572230000 -0.3903510000 0.6447360000
-0.0192358961 -0.0016384677 0.0817365398 -0.7331040000 -0.1468600000 0.6640720000
-0.0141048961 -0.0020724677 0.0838095398 -0.3896030000 -0.1245320000 0.9125240000
-0.0093228961 -0.0048974677 0.0857155398 -0.7060780000 -0.5386120000 0.4597290000
0.0121191039 -0.0022624677 0.0839825398 0.5094860000 -0.1552060000 0.8463660000
0.0173731039 -0.0016554677 0.0821715398 0.5317810000 -0.0931740000 0.8417410000
-0.0192288961 0.0059425323 0.0816175398 -0.7328040000 0.1514610000 0.6633690000
-0.0143208961 0.0064835323 0.0836985398 -0.3628070000 0.1294320000 0.9228320000
-0.0091748961 0.0096775323 0.0849545398 -0.5516670000 0.4810350000 0.6813730000
0.0121161039 0.0065075323 0.0838495398 0.4549020000 0.1751680000 0.8731440000
0.0171471039 0.0060575323 0.0821945398 0.4973550000 0.1360340000 0.8568150000
-0.0180698961 0.0112325323 0.0806065398 -0.8205470000 0.4176990000 0.3901660000
-0.0135278961 0.0140615323 0.0823845398 -0.3762290000 0.3340660000 0.8642060000
-0.0062068961 0.0152215323 0.0836255398 -0.1725040000 0.3663880000 0.9143310000
0.0029811039 0.0157145323 0.0836485398 0.0854640000 0.3898650000 0.9168980000
0.0104551039 0.0144095323 0.0828635398 0.2423980000 0.2880480000 0.9264300000
0.0156801039 0.0122775323 0.0816405398 0.5420240000 0.3682150000 0.7553990000
-0.0109768961 0.0190175323 0.0809585398 -0.4557820000 0.7087480000 0.5384590000
-0.0054718961 0.0201775323 0.0819405398 -0.1791270000 0.5617800000 0.8076610000
0.0022781039 0.0203615323 0.0821185398 0.0713030000 0.5001900000 0.8629750000
0.0082281039 0.0192845323 0.0815735398 0.2910210000 0.5946600000 0.7494570000
-0.0052658961 -0.0079434677 0.0897365398 -0.4095590000 -0.8808220000 0.2375150000
0.0025411039 -0.0086714677 0.0898145398 0.2725230000 -0.9363000000 0.2215280000
0.0072271039 -0.0065494677 0.0890235398 0.6731700000 -0.7076640000 0.2146010000
-0.0109878961 -0.0011074677 0.0895475398 -0.9239100000 -0.3038780000 0.2324840000
-0.0090308961 -0.0046564677 0.0907425398 -0.7972870000 -0.5780460000 0.1737720000
0.0096991039 -0.0021334677 0.0899415398 0.9112170000 -0.3450890000 0.2249370000
-0.0109788961 0.0053445323 0.0896575398 -0.9391460000 0.2461550000 0.2396100000
-0.0086328961 0.0088635323 0.0910565398 -0.7607000000 0.6060450000 0.2324750000
0.0061401039 0.0103115323 0.0909605398 0.6308840000 0.7756470000 -0.0189090000
0.0096551039 0.0059525323 0.0898265398 0.9073640000 0.3495100000 0.2335220000
-0.0053098961 0.0120105323 0.0896245398 -0.4868660000 0.8353990000 0.2550870000
0.0023741039 0.0126625323 0.0894325398 0.1782890000 0.9492140000 0.2592420000
0.0069951039 0.0106655323 0.0883765398 0.6371360000 0.7131020000 0.2924780000
-0.0039388961 -0.0069714677 0.0973435398 -0.3385590000 -0.9097270000 0.2403630000
0.0020091039 -0.0072204677 0.0976475398 0.2612480000 -0.9319870000 0.2512950000
0.0067141039 -0.0058294677 0.0950865398 0.7371020000 -0.6439640000 0.2049180000
-0.0101188961 0.0002325323 0.0964385398 -0.9452430000 -0.2231150000 0.2381900000
-0.0077498961 -0.0027304677 0.0986335398 -0.7792360000 -0.5270720000 0.3390960000
0.0027691039 -0.0018234677 0.1007865398 0.3545430000 -0.3983670000 0.8459330000
0.0082481039 -0.0016734677 0.0976895398 0.9014690000 -0.3547760000 0.2479660000
-0.0101418961 0.0038605323 0.0964875398 -0.9681610000 0.1240170000 0.2174470000
-0.0074548961 0.0067415323 0.0988485398 -0.7968360000 0.4737630000 0.3749680000
0.0020361039 0.0058135323 0.1007565398 0.2329760000 0.2790970000 0.9315720000
0.0082541039 0.0056375323 0.0975855398 0.8924040000 0.3558600000 0.2774510000
-0.0037558961 0.0112515323 0.0974795398 -0.3992100000 0.8819400000 0.2506250000
0.0023671039 0.0117165323 0.0967435398 0.2007550000 0.9341860000 0.2949470000
0.0068911039 0.0109325323 0.0946135398 0.6591480000 0.7184960000 0.2220090000
-0.0029248961 -0.0062134677 0.1025045398 -0.1882010000 -0.6881380000 0.7007470000
0.0005971039 -0.0063574677 0.1025995398 0.1097510000 -0.6769400000 0.7278090000
-0.0052448961 -0.0015684677 0.1029855398 -0.1498550000 -0.1269660000 0.9805220000
0.0028051039 -0.0021614677 0.1030025398 0.0437410000 -0.0614000000 0.9971540000
0.0073181039 -0.0001914677 0.1028095398 0.5236860000 -0.1388710000 0.8405160000
-0.0098718961 0.0038435323 0.1019225398 -0.0211270000 -0.1008620000 0.9946760000
-0.0050248961 0.0057615323 0.1029645398 -0.0556730000 0.0019280000 0.9984470000
0.0024141039 0.0063705323 0.1029195398 -0.0476430000 -0.0600450000 0.9970580000
0.0071811039 0.0042735323 0.1028945398 0.4162150000 0.1380290000 0.8987280000
-0.0026698961 0.0105025323 0.1028025398 -0.1550830000 0.4696580000 0.8691210000
0.0004281039 0.0107865323 0.1027345398 -0.0066880000 0.5230020000 0.8523050000
