x y z nx ny nz
0.0140033439 -0.0254575244 -0.0515535073 0.3199940000 -0.9299360000 -0.1811720000
-0.0217036561 -0.0177415244 -0.0517045073 -0.2568730000 -0.9649970000 -0.0528880000
-0.0161436561 -0.0187395244 -0.0515565073 -0.2116240000 -0.9771830000 -0.0181020000
-0.0086396561 -0.0202765244 -0.0516375073 -0.2078610000 -0.9780950000 -0.0111120000
-0.0003806561 -0.0220795244 -0.0515905073 -0.2014480000 -0.9794510000 -0.0097270000
0.0077653439 -0.0237885244 -0.0516265073 -0.1801070000 -0.9835500000 -0.0138310000
0.0161503439 -0.0227145244 -0.0516485073 0.6989520000 -0.7124940000 -0.0617900000
-0.0245576561 -0.0136265244 -0.0515545073 -0.9531450000 -0.2840090000 -0.1041770000
0.0189463439 -0.0137085244 -0.0514855073 0.9795660000 -0.2011240000 0.0008190000
0.0199053439 -0.0103495244 -0.0516835073 0.9784810000 -0.2062860000 0.0045760000
-0.0235056561 -0.0049695244 -0.0516335073 -0.9836470000 0.1793070000 -0.0169750000
0.0208423439 -0.0049015244 -0.0517045073 0.9771430000 -0.2125720000 0.0023590000
-0.0220086561 0.0026774756 -0.0515865073 -0.9828820000 0.1841300000 -0.0062340000
0.0225643439 0.0031424756 -0.0516825073 0.9761730000 -0.2169800000 0.0023640000
-0.0208236561 0.0089434756 -0.0516315073 -0.9783640000 0.2063160000 -0.0154380000
-0.0197516561 0.0128784756 -0.0515195073 -0.9579550000 0.2859940000 -0.0230370000
0.0242193439 0.0108594756 -0.0516905073 0.9871410000 -0.1574740000 -0.0274520000
-0.0184906561 0.0187954756 -0.0516445073 -0.9633530000 0.2669540000 -0.0262080000
-0.0056726561 0.0223754756 -0.0515695073 0.2025170000 0.9790440000 -0.0214540000
0.0000703439 0.0215724756 -0.0517155073 0.2190210000 0.9757190000 -0.0015440000
0.0079963439 0.0196214756 -0.0515065073 0.2201160000 0.9754660000 -0.0039170000
0.0164303439 0.0180444756 -0.0515345073 0.2276140000 0.9737450000 -0.0036690000
0.0228383439 0.0164024756 -0.0517275073 0.4657950000 0.8824770000 -0.0653380000
-0.0162706561 0.0245964756 -0.0516405073 -0.7704590000 0.6323430000 -0.0808390000
-0.0088406561 0.0239804756 -0.0514565073 0.1344440000 0.9875390000 -0.0817960000
-0.0018286561 0.0229204756 -0.0515455073 0.2198680000 0.9755120000 -0.0059330000
0.0113583439 -0.0252085244 -0.0464925073 -0.0671000000 -0.9977460000 -0.0005550000
0.0142513439 -0.0255065244 -0.0467065073 0.4058760000 -0.9137110000 -0.0198960000
-0.0222046561 -0.0177475244 -0.0465995073 -0.2537820000 -0.9671950000 -0.0113180000
-0.0162926561 -0.0187945244 -0.0465455073 -0.2074120000 -0.9782060000 -0.0097030000
-0.0082906561 -0.0204645244 -0.0465795073 -0.2083960000 -0.9780150000 -0.0076090000
-0.0003106561 -0.0221805244 -0.0466145073 -0.1979870000 -0.9801820000 -0.0066880000
0.0075593439 -0.0237495244 -0.0465665073 -0.1936660000 -0.9810530000 -0.0052490000
0.0162773439 -0.0222685244 -0.0468135073 0.7609370000 -0.6487770000 -0.0079610000
-0.0246426561 -0.0138395244 -0.0465705073 -0.9653010000 -0.2596780000 -0.0275980000
0.0189183439 -0.0135645244 -0.0465385073 0.9798540000 -0.1996840000 0.0035920000
0.0198623439 -0.0100625244 -0.0466645073 0.9787000000 -0.2052380000 0.0048220000
-0.0235766561 -0.0052965244 -0.0465395073 -0.9834990000 0.1805410000 -0.0116140000
0.0196123439 -0.0080105244 -0.0458975073 0.9781720000 -0.2077370000 0.0049100000
0.0207613439 -0.0050735244 -0.0467935073 0.9769920000 -0.2131680000 0.0068040000
-0.0220436561 0.0028914756 -0.0465865073 -0.9817250000 0.1898710000 -0.0128760000
0.0224783439 0.0028294756 -0.0465465073 0.9765370000 -0.2152650000 0.0060450000
-0.0208346561 0.0092704756 -0.0464095073 -0.9781560000 0.2074830000 -0.0127270000
-0.0198226561 0.0129074756 -0.0468455073 -0.9732100000 0.2295560000 -0.0129100000
0.0242163439 0.0107654756 -0.0465805073 0.9874710000 -0.1577040000 0.0055380000
-0.0185106561 0.0188794756 -0.0465325073 -0.9663620000 0.2570070000 -0.0096310000
-0.0063266561 0.0224864756 -0.0465345073 0.2033930000 0.9790190000 -0.0124010000
0.0003003439 0.0215604756 -0.0465655073 0.2171680000 0.9761070000 -0.0072970000
0.0079033439 0.0198554756 -0.0465405073 0.2214650000 0.9751650000 -0.0025160000
0.0154553439 0.0182024756 -0.0466145073 0.2232370000 0.9747640000 -0.0008940000
0.0225863439 0.0165364756 -0.0463585073 0.4326190000 0.9015560000 -0.0061310000
-0.0160506561 0.0246174756 -0.0465435073 -0.7174230000 0.6964740000 -0.0150870000
-0.0089686561 0.0238884756 -0.0467765073 0.1555240000 0.9876050000 -0.0211770000
-0.0035536561 0.0232834756 -0.0470855073 0.2161160000 0.9763600000 -0.0039190000
0.0112143439 -0.0252855244 -0.0385505073 0.1237000000 -0.9923080000 -0.0048050000
0.0143503439 -0.0254725244 -0.0383055073 0.3895910000 -0.9209880000 0.0006490000
-0.0221946561 -0.0177265244 -0.0382855073 -0.2620220000 -0.9650570000 -0.0030500000
-0.0164016561 -0.0187995244 -0.0386635073 -0.2039420000 -0.9789830000 -0.0005230000
-0.0083066561 -0.0205035244 -0.0385945073 -0.2088630000 -0.9779400000 0.0031020000
-0.0003816561 -0.0221705244 -0.0384745073 -0.1994240000 -0.9799130000 -0.0000890000
0.0075803439 -0.0237625244 -0.0386115073 -0.1954390000 -0.9807100000 -0.0033860000
0.0162783439 -0.0222915244 -0.0385895073 0.7749130000 -0.6320660000 0.0010880000
-0.0247806561 -0.0135705244 -0.0386505073 -0.9762370000 -0.2161960000 -0.0148190000
0.0189173439 -0.0134345244 -0.0387645073 0.9790820000 -0.2034480000 0.0026380000
0.0198413439 -0.0099205244 -0.0380655073 0.9792210000 -0.2027470000 0.0044820000
-0.0236426561 -0.0050425244 -0.0385685073 -0.9838470000 0.1789090000 -0.0060210000
0.0196153439 -0.0084255244 -0.0396675073 0.9783740000 -0.2067940000 0.0045780000
0.0207133439 -0.0050065244 -0.0387225073 0.9771400000 -0.2125240000 0.0055960000
-0.0221126561 0.0028454756 -0.0386675073 -0.9808120000 0.1948100000 -0.0076130000
0.0224643439 0.0029334756 -0.0385305073 0.9771250000 -0.2126150000 0.0047010000
-0.0208896561 0.0094964756 -0.0383595073 -0.9779860000 0.2085560000 -0.0068760000
-0.0199166561 0.0128344756 -0.0389375073 -0.9714010000 0.2372860000 -0.0086780000
0.0241613439 0.0108554756 -0.0386075073 0.9877630000 -0.1558740000 0.0052970000
-0.0185806561 0.0186864756 -0.0385965073 -0.9668930000 0.2549980000 -0.0097400000
-0.0055676561 0.0224554756 -0.0383635073 0.2072500000 0.9782620000 -0.0072050000
0.0003543439 0.0215344756 -0.0386215073 0.2224890000 0.9749330000 -0.0020890000
0.0074373439 0.0200844756 -0.0384145073 0.2247180000 0.9744230000 0.0014110000
0.0157673439 0.0180444756 -0.0386245073 0.2218460000 0.9750810000 0.0007680000
0.0229233439 0.0164354756 -0.0388895073 0.5257480000 0.8506350000 -0.0030340000
-0.0163326561 0.0245544756 -0.0387185073 -0.7361950000 0.6766440000 -0.0130630000
-0.0094376561 0.0240284756 -0.0385765073 0.1553190000 0.9878360000 -0.0074440000
-0.0029336561 0.0232454756 -0.0382295073 0.2189230000 0.9757380000 -0.0029880000
0.0110383439 -0.0252565244 -0.0305275073 -0.1416450000 -0.9898620000 -0.0105030000
0.0141623439 -0.0255015244 -0.0304945073 0.3663550000 -0.9304750000 -0.0008600000
-0.0222586561 -0.0177565244 -0.0302935073 -0.2479780000 -0.9687600000 -0.0031590000
-0.0162636561 -0.0188305244 -0.0306665073 -0.1998660000 -0.9798140000 -0.0042130000
-0.0082906561 -0.0204855244 -0.0306095073 -0.2087870000 -0.9779490000 -0.0048110000
-0.0002586561 -0.0222205244 -0.0306105073 -0.2025220000 -0.9792500000 -0.0073990000
0.0077073439 -0.0238405244 -0.0305305073 -0.1956610000 -0.9806440000 -0.0073640000
0.0163733439 -0.0220885244 -0.0304615073 0.8047340000 -0.5936340000 0.0015660000
-0.0248626561 -0.0137725244 -0.0306045073 -0.9725490000 -0.2324200000 -0.0114210000
0.0188653439 -0.0135355244 -0.0306685073 0.9792690000 -0.2025190000 0.0042470000
0.0199063439 -0.0098485244 -0.0309745073 0.9793580000 -0.2021150000 0.0028410000
-0.0236896561 -0.0050985244 -0.0306375073 -0.9828820000 0.1840610000 -0.0080360000
0.0194573439 -0.0087505244 -0.0313135073 0.9788100000 -0.2047500000 0.0030310000
0.0206563439 -0.0051525244 -0.0306625073 0.9775600000 -0.2106030000 0.0047670000
-0.0221866561 0.0027444756 -0.0306555073 -0.9810360000 0.1937380000 -0.0058580000
0.0224143439 0.0028454756 -0.0305975073 0.9769960000 -0.2132140000 0.0043140000
-0.0209086561 0.0094664756 -0.0304735073 -0.9792250000 0.2026220000 -0.0078790000
-0.0199316561 0.0131034756 -0.0306195073 -0.9741490000 0.2255440000 -0.0128210000
0.0241283439 0.0109174756 -0.0307505073 0.9886380000 -0.1502610000 0.0042050000
-0.0186986561 0.0188094756 -0.0305825073 -0.9677120000 0.2517810000 -0.0118230000
-0.0059406561 0.0225114756 -0.0307385073 0.2168640000 0.9761990000 0.0024030000
0.0000663439 0.0215534756 -0.0305275073 0.2193410000 0.9756460000 0.0021420000
0.0077963439 0.0198804756 -0.0305955073 0.2251820000 0.9743090000 0.0039030000
0.0158633439 0.0181324756 -0.0304875073 0.2216340000 0.9751130000 0.0057530000
0.0227563439 0.0162414756 -0.0309985073 0.4644680000 0.8855860000 0.0025750000
-0.0161756561 0.0246064756 -0.0305485073 -0.7013560000 0.7127500000 -0.0093630000
-0.0090536561 0.0240284756 -0.0309575073 0.1643690000 0.9863990000 -0.0006460000
-0.0027386561 0.0231614756 -0.0301795073 0.2217060000 0.9751030000 0.0046230000
0.0110173439 -0.0252855244 -0.0228585073 0.0499240000 -0.9987510000 -0.0021840000
0.0142083439 -0.0255405244 -0.0225735073 0.3685290000 -0.9296120000 0.0030080000
-0.0223466561 -0.0177345244 -0.0224125073 -0.2555320000 -0.9667960000 -0.0029550000
-0.0162436561 -0.0188695244 -0.0226155073 -0.2044100000 -0.9788790000 -0.0036300000
-0.0083116561 -0.0205285244 -0.0225165073 -0.2106470000 -0.9775440000 -0.0059940000
-0.0003146561 -0.0222795244 -0.0225845073 -0.2020630000 -0.9793590000 -0.0050700000
0.0074993439 -0.0238495244 -0.0225705073 -0.1960870000 -0.9805700000 -0.0057460000
0.0162403439 -0.0222915244 -0.0225015073 0.7807520000 -0.6248410000 0.0004300000
-0.0249676561 -0.0136265244 -0.0225575073 -0.9747320000 -0.2230290000 -0.0125020000
0.0188693439 -0.0133985244 -0.0224875073 0.9787780000 -0.2048950000 0.0034120000
0.0199243439 -0.0099935244 -0.0223655073 0.9794300000 -0.2017770000 0.0015640000
-0.0238036561 -0.0050975244 -0.0224445073 -0.9836690000 0.1796410000 -0.0111460000
0.0195003439 -0.0085375244 -0.0219215073 0.9791550000 -0.2031020000 0.0021540000
0.0206203439 -0.0049975244 -0.0227935073 0.9783400000 -0.2069620000 0.0041510000
-0.0222846561 0.0028164756 -0.0225575073 -0.9816490000 0.1903650000 -0.0112660000
0.0223513439 0.0028624756 -0.0226305073 0.9765990000 -0.2149910000 0.0057050000
-0.0209246561 0.0097334756 -0.0224215073 -0.9772690000 0.2117820000 -0.0096510000
-0.0199616561 0.0132764756 -0.0228505073 -0.9723230000 0.2335320000 -0.0071600000
0.0240863439 0.0108674756 -0.0227375073 0.9862010000 -0.1655290000 0.0027330000
-0.0187636561 0.0188394756 -0.0225375073 -0.9690120000 0.2469600000 -0.0052340000
-0.0055426561 0.0223914756 -0.0230425073 0.2050660000 0.9787390000 0.0042400000
0.0005093439 0.0215304756 -0.0226985073 0.2233870000 0.9747240000 0.0034530000
0.0077793439 0.0198914756 -0.0225915073 0.2259260000 0.9741420000 0.0023550000
0.0152313439 0.0180664756 -0.0224855073 0.2240780000 0.9745660000 0.0032440000
0.0228073439 0.0163324756 -0.0225335073 0.4570230000 0.8894520000 0.0025130000
-0.0161966561 0.0246744756 -0.0227015073 -0.6986320000 0.7154780000 -0.0023040000
-0.0091586561 0.0238894756 -0.0222255073 0.1682740000 0.9857310000 0.0042680000
-0.0027686561 0.0231474756 -0.0228845073 0.2210010000 0.9752630000 0.0045800000
0.0109623439 -0.0252455244 -0.0140655073 -0.1388050000 -0.9902540000 -0.0114140000
0.0142853439 -0.0255405244 -0.0143415073 0.3735080000 -0.9276110000 0.0055150000
-0.0223536561 -0.0177545244 -0.0146055073 -0.2442640000 -0.9697020000 -0.0036980000
-0.0163896561 -0.0188795244 -0.0145755073 -0.2071630000 -0.9782940000 -0.0049680000
-0.0083186561 -0.0205795244 -0.0145345073 -0.2105740000 -0.9775600000 -0.0059760000
-0.0003606561 -0.0223085244 -0.0145005073 -0.2030330000 -0.9791550000 -0.0056870000
0.0074613439 -0.0238825244 -0.0145515073 -0.1960090000 -0.9805770000 -0.0069560000
0.0162543439 -0.0221475244 -0.0145685073 0.8004950000 -0.5993320000 0.0029910000
-0.0250326561 -0.0136555244 -0.0145075073 -0.9741870000 -0.2254540000 -0.0114420000
0.0188683439 -0.0132785244 -0.0143985073 0.9782500000 -0.2073680000 0.0051360000
0.0198693439 -0.0099485244 -0.0144385073 0.9788630000 -0.2044820000 0.0037570000
-0.0239036561 -0.0052465244 -0.0146445073 -0.9818890000 0.1891910000 -0.0100700000
0.0196433439 -0.0079255244 -0.0142815073 0.9737580000 -0.2275800000 -0.0018800000
0.0206413439 -0.0049965244 -0.0146335073 0.9785390000 -0.2060500000 0.0021990000
-0.0223456561 0.0028194756 -0.0146835073 -0.9810920000 0.1933820000 -0.0078920000
0.0223363439 0.0028704756 -0.0145085073 0.9767400000 -0.2144180000 0.0021740000
-0.0210346561 0.0095854756 -0.0146415073 -0.9776870000 0.2099320000 -0.0075270000
-0.0199746561 0.0133984756 -0.0148455073 -0.9716480000 0.2363340000 -0.0067610000
0.0240413439 0.0108044756 -0.0146225073 0.9876200000 -0.1568540000 0.0016310000
-0.0187706561 0.0189064756 -0.0143885073 -0.9658030000 0.2592300000 -0.0050200000
-0.0058116561 0.0224034756 -0.0152125073 0.2131550000 0.9770180000 0.0000180000
-0.0001786561 0.0215784756 -0.0144955073 0.2186320000 0.9758070000 0.0011680000
0.0075113439 0.0199554756 -0.0146575073 0.2250780000 0.9743390000 0.0018940000
0.0155923439 0.0180864756 -0.0144335073 0.2242260000 0.9745360000 0.0014870000
0.0226713439 0.0162394756 -0.0145475073 0.5109890000 0.8595860000 -0.0015240000
-0.0162636561 0.0245164756 -0.0145815073 -0.6768480000 0.7361150000 -0.0034040000
-0.0091806561 0.0239614756 -0.0143925073 0.1597850000 0.9871460000 -0.0033390000
-0.0030996561 0.0231824756 -0.0150015073 0.2208740000 0.9752990000 0.0025600000
0.0111773439 -0.0252965244 -0.0068215073 -0.1354500000 -0.9907690000 -0.0054170000
0.0142713439 -0.0255835244 -0.0067665073 0.3682890000 -0.9297070000 0.0030070000
-0.0224406561 -0.0177915244 -0.0066115073 -0.2407850000 -0.9705700000 -0.0039470000
-0.0162936561 -0.0189275244 -0.0066425073 -0.2075450000 -0.9782150000 -0.0044760000
-0.0082646561 -0.0206455244 -0.0066325073 -0.2108040000 -0.9775190000 -0.0042570000
-0.0003216561 -0.0223385244 -0.0064005073 -0.2034990000 -0.9790690000 -0.0034850000
0.0075513439 -0.0239495244 -0.0065305073 -0.1960890000 -0.9805740000 -0.0047880000
0.0162243439 -0.0221285244 -0.0067245073 0.8135580000 -0.5814780000 0.0025900000
-0.0251286561 -0.0137115244 -0.0065835073 -0.9759270000 -0.2180140000 -0.0061180000
0.0188043439 -0.0133725244 -0.0065275073 0.9773250000 -0.2116940000 0.0047260000
0.0198503439 -0.0099575244 -0.0065675073 0.9788310000 -0.2046050000 0.0051940000
-0.0239616561 -0.0051885244 -0.0065955073 -0.9822650000 0.1873950000 -0.0062940000
0.0196453439 -0.0084435244 -0.0066655073 0.9791170000 -0.2032780000 0.0028080000
0.0206153439 -0.0049115244 -0.0066125073 0.9780760000 -0.2082270000 0.0029610000
-0.0223796561 0.0028874756 -0.0065935073 -0.9807950000 0.1949710000 -0.0052670000
0.0222833439 0.0027444756 -0.0064785073 0.9769150000 -0.2135970000 0.0035480000
-0.0209906561 0.0100604756 -0.0066125073 -0.9769470000 0.2134550000 -0.0033600000
-0.0200036561 0.0130734756 -0.0065295073 -0.9671000000 0.2543810000 -0.0027800000
0.0240153439 0.0106984756 -0.0065045073 0.9879790000 -0.1545340000 0.0041940000
-0.0188526561 0.0187184756 -0.0064105073 -0.9676650000 0.2522400000 -0.0005780000
-0.0060236561 0.0224694756 -0.0070405073 0.2165000000 0.9762810000 -0.0015140000
0.0001303439 0.0214964756 -0.0065405073 0.2232490000 0.9747610000 0.0002480000
0.0078093439 0.0198444756 -0.0065495073 0.2257280000 0.9741880000 0.0022940000
0.0159983439 0.0179634756 -0.0066525073 0.2239410000 0.9745990000 0.0025810000
0.0230143439 0.0161174756 -0.0064555073 0.5392730000 0.8421220000 0.0038940000
-0.0161256561 0.0245984756 -0.0065505073 -0.6702560000 0.7421100000 0.0054780000
-0.0092846561 0.0239864756 -0.0065325073 0.1680060000 0.9857830000 -0.0023740000
-0.0030286561 0.0231714756 -0.0066245073 0.2216460000 0.9751270000 0.0008150000
0.0108763439 -0.0252735244 0.0018244927 -0.1562830000 -0.9876900000 -0.0066180000
0.0142703439 -0.0255615244 0.0013844927 0.3491060000 -0.9370830000 0.0009290000
-0.0225016561 -0.0177805244 0.0014354927 -0.2538880000 -0.9672230000 -0.0045190000
-0.0163136561 -0.0189675244 0.0013864927 -0.2068710000 -0.9783450000 -0.0067740000
-0.0083046561 -0.0206775244 0.0015174927 -0.2075820000 -0.9782060000 -0.0047170000
-0.0002716561 -0.0224015244 0.0016094927 -0.2035780000 -0.9790470000 -0.0048860000
0.0074763439 -0.0239655244 0.0013824927 -0.1976160000 -0.9802610000 -0.0060220000
0.0162543439 -0.0220485244 0.0014114927 0.8331200000 -0.5530900000 0.0013840000
-0.0251866561 -0.0135915244 0.0013724927 -0.9806860000 -0.1954490000 -0.0073250000
0.0187833439 -0.0133105244 0.0014114927 0.9770650000 -0.2128750000 0.0053010000
0.0198963439 -0.0098415244 0.0012584927 0.9781990000 -0.2076070000 0.0051050000
-0.0239766561 -0.0049905244 0.0013264927 -0.9829830000 0.1836600000 -0.0036990000
0.0194663439 -0.0085585244 0.0008454927 0.9781830000 -0.2077150000 0.0034460000
0.0205623439 -0.0050845244 0.0013294927 0.9780530000 -0.2083250000 0.0037190000
-0.0224156561 0.0029574756 0.0014494927 -0.9801320000 0.1983050000 -0.0040510000
0.0222723439 0.0027934756 0.0013804927 0.9768160000 -0.2140510000 0.0036340000
-0.0210326561 0.0099104756 0.0012464927 -0.9765100000 0.2154680000 -0.0012870000
-0.0199766561 0.0135144756 0.0017274927 -0.9700840000 0.2427670000 -0.0005890000
0.0239673439 0.0107104756 0.0014224927 0.9868650000 -0.1615450000 0.0007280000
-0.0187956561 0.0188654756 0.0014114927 -0.9661900000 0.2578290000 -0.0007580000
-0.0057346561 0.0224004756 0.0016234927 0.2161060000 0.9763700000 0.0006240000
0.0003433439 0.0215034756 0.0013294927 0.2253940000 0.9742620000 0.0034360000
0.0075643439 0.0198714756 0.0014954927 0.2278440000 0.9736750000 0.0066600000
0.0154993439 0.0179514756 0.0013504927 0.2233180000 0.9747190000 0.0071970000
0.0227053439 0.0163304756 0.0016794927 0.4752320000 0.8798460000 0.0050310000
-0.0164226561 0.0245344756 0.0015384927 -0.7262320000 0.6874490000 0.0010570000
-0.0089566561 0.0238824756 0.0014644927 0.1761510000 0.9843630000 -0.0003790000
-0.0026866561 0.0230624756 0.0016474927 0.2219370000 0.9750540000 0.0037100000
0.0107753439 -0.0252795244 0.0095494927 -0.1637770000 -0.9864840000 -0.0051810000
0.0141853439 -0.0255745244 0.0095274927 0.2872350000 -0.9578590000 0.0013060000
-0.0225236561 -0.0178265244 0.0094404927 -0.2580560000 -0.9661040000 -0.0071170000
-0.0163736561 -0.0190275244 0.0094544927 -0.2073180000 -0.9782430000 -0.0077940000
-0.0083316561 -0.0207015244 0.0095134927 -0.2067150000 -0.9783790000 -0.0066300000
-0.0002916561 -0.0224325244 0.0094394927 -0.2052820000 -0.9786850000 -0.0059150000
0.0074813439 -0.0240065244 0.0093524927 -0.1968790000 -0.9804130000 -0.0054520000
0.0162093439 -0.0221415244 0.0095304927 0.8279110000 -0.5608500000 0.0032750000
-0.0252316561 -0.0137245244 0.0094834927 -0.9748540000 -0.2227650000 -0.0059210000
0.0187523439 -0.0131575244 0.0094964927 0.9767330000 -0.2143090000 0.0080340000
0.0198103439 -0.0099325244 0.0089794927 0.9776970000 -0.2099430000 0.0056500000
-0.0240516561 -0.0052545244 0.0094284927 -0.9818560000 0.1895820000 -0.0041660000
0.0195273439 -0.0081685244 0.0100784927 0.9776520000 -0.2101290000 0.0065120000
0.0205543439 -0.0050045244 0.0093874927 0.9778250000 -0.2093590000 0.0052210000
-0.0224726561 0.0027834756 0.0094184927 -0.9802580000 0.1976780000 -0.0041760000
0.0222443439 0.0028874756 0.0094074927 0.9767210000 -0.2144870000 0.0032810000
-0.0210106561 0.0099704756 0.0093714927 -0.9757920000 0.2186860000 -0.0024330000
-0.0199856561 0.0133324756 0.0095814927 -0.9680680000 0.2506880000 -0.0001090000
0.0239913439 0.0107484756 0.0093684927 0.9871390000 -0.1598610000 0.0004570000
-0.0188416561 0.0187374756 0.0094764927 -0.9662810000 0.2574870000 -0.0012920000
-0.0061916561 0.0224634756 0.0102354927 0.2086440000 0.9779720000 0.0061870000
0.0001273439 0.0214614756 0.0094604927 0.2265720000 0.9739740000 0.0063450000
0.0075983439 0.0198234756 0.0092704927 0.2294950000 0.9732960000 0.0051990000
0.0156623439 0.0179004756 0.0095274927 0.2246000000 0.9744240000 0.0072440000
0.0228213439 0.0160774756 0.0093024927 0.5495540000 0.8354390000 0.0056020000
-0.0162036561 0.0245584756 0.0094574927 -0.6718420000 0.7406670000 0.0063250000
-0.0092656561 0.0239414756 0.0093124927 0.1714750000 0.9851880000 0.0011440000
-0.0035236561 0.0232404756 0.0098904927 0.2231260000 0.9747560000 0.0081000000
0.0108203439 -0.0253255244 0.0170824927 -0.1489000000 -0.9888440000 -0.0040250000
0.0141873439 -0.0256195244 0.0175934927 0.3437310000 -0.9390660000 0.0018870000
-0.0224916561 -0.0178675244 0.0175684927 -0.2701940000 -0.9627860000 -0.0062040000
-0.0162726561 -0.0191075244 0.0174224927 -0.2053840000 -0.9786480000 -0.0080950000
-0.0083316561 -0.0207635244 0.0174114927 -0.2059700000 -0.9785220000 -0.0083630000
-0.0002926561 -0.0224945244 0.0174384927 -0.2045260000 -0.9788340000 -0.0072390000
0.0074123439 -0.0240435244 0.0173614927 -0.1969620000 -0.9803810000 -0.0077230000
0.0161763439 -0.0220185244 0.0173964927 0.8456880000 -0.5336540000 0.0049830000
-0.0253156561 -0.0135175244 0.0173924927 -0.9846450000 -0.1744340000 -0.0069180000
0.0186723439 -0.0133915244 0.0174104927 0.9773270000 -0.2116690000 0.0053630000
0.0199613439 -0.0094855244 0.0173424927 0.9781030000 -0.2079600000 0.0081610000
-0.0240866561 -0.0051365244 0.0173624927 -0.9826070000 0.1856650000 -0.0034860000
0.0195153439 -0.0083775244 0.0178404927 0.9776670000 -0.2100440000 0.0069590000
0.0205513439 -0.0047135244 0.0174324927 0.9773210000 -0.2116100000 0.0080230000
-0.0225026561 0.0028334756 0.0175284927 -0.9801400000 0.1982660000 -0.0040080000
0.0222213439 0.0028474756 0.0174094927 0.9760560000 -0.2174500000 0.0054740000
-0.0210646561 0.0099484756 0.0173184927 -0.9756250000 0.2194020000 -0.0044060000
-0.0199876561 0.0134304756 0.0174074927 -0.9687110000 0.2481640000 -0.0037030000
0.0239473439 0.0108244756 0.0173874927 0.9859610000 -0.1669440000 0.0032820000
-0.0188096561 0.0189074756 0.0174284927 -0.9667330000 0.2557790000 -0.0021250000
-0.0061786561 0.0223834756 0.0177654927 0.2186460000 0.9757830000 0.0064470000
0.0001193439 0.0214804756 0.0173974927 0.2238670000 0.9745960000 0.0067340000
0.0079323439 0.0196554756 0.0175604927 0.2282440000 0.9735920000 0.0048720000
0.0160523439 0.0177854756 0.0173784927 0.2240200000 0.9745810000 0.0026020000
0.0227203439 0.0161454756 0.0174514927 0.4528220000 0.8916000000 0.0014660000
-0.0163746561 0.0245074756 0.0173574927 -0.7203720000 0.6935640000 0.0057460000
-0.0091146561 0.0238244756 0.0175324927 0.1791170000 0.9838240000 0.0027970000
-0.0027016561 0.0229714756 0.0153424927 0.2213000000 0.9751320000 0.0120310000
0.0107843439 -0.0253665244 0.0256534927 -0.1513080000 -0.9884760000 -0.0046150000
0.0141683439 -0.0256015244 0.0254574927 0.2891020000 -0.9572880000 0.0043730000
-0.0225726561 -0.0178905244 0.0256954927 -0.2751100000 -0.9614020000 -0.0046160000
-0.0163876561 -0.0191505244 0.0254204927 -0.2062570000 -0.9784840000 -0.0052100000
-0.0083106561 -0.0208345244 0.0254194927 -0.2062210000 -0.9784870000 -0.0060740000
-0.0003536561 -0.0225365244 0.0253974927 -0.2038200000 -0.9789930000 -0.0054750000
0.0074053439 -0.0240865244 0.0254524927 -0.1983680000 -0.9801120000 -0.0055440000
0.0162453439 -0.0219875244 0.0253134927 0.8697490000 -0.4934750000 0.0044770000
-0.0254086561 -0.0135665244 0.0254444927 -0.9844280000 -0.1755580000 -0.0090020000
0.0186563439 -0.0131455244 0.0254454927 0.9772570000 -0.2119410000 0.0070480000
0.0197783439 -0.0100445244 0.0258154927 0.9786530000 -0.2053780000 0.0075650000
-0.0241196561 -0.0050685244 0.0254294927 -0.9814690000 0.1914450000 -0.0082700000
0.0195343439 -0.0083325244 0.0258094927 0.9792630000 -0.2024010000 0.0088470000
0.0204703439 -0.0047525244 0.0253494927 0.9774680000 -0.2108580000 0.0097960000
-0.0225456561 0.0029074756 0.0254414927 -0.9801620000 0.1980260000 -0.0082880000
0.0221573439 0.0028734756 0.0254974927 0.9756090000 -0.2193060000 0.0095870000
-0.0210516561 0.0101254756 0.0253884927 -0.9749480000 0.2223740000 -0.0050410000
-0.0199906561 0.0135724756 0.0253014927 -0.9666140000 0.2562170000 -0.0032160000
0.0239353439 0.0107794756 0.0254154927 0.9879390000 -0.1546670000 0.0074050000
-0.0188196561 0.0189844756 0.0256014927 -0.9648700000 0.2626840000 -0.0048060000
-0.0063276561 0.0224144756 0.0250724927 0.2142100000 0.9767870000 0.0006780000
-0.0000406561 0.0214004756 0.0255724927 0.2253390000 0.9742790000 0.0013690000
0.0078053439 0.0197254756 0.0254204927 0.2266340000 0.9739780000 0.0021600000
0.0154813439 0.0178924756 0.0253344927 0.2220080000 0.9750450000 0.0003130000
0.0226353439 0.0162914756 0.0256534927 0.4758030000 0.8795520000 0.0001710000
-0.0161436561 0.0246344756 0.0253654927 -0.6528570000 0.7574730000 -0.0034690000
-0.0093266561 0.0238494756 0.0254704927 0.1742950000 0.9846860000 -0.0037870000
-0.0038086561 0.0231824756 0.0267354927 0.2239730000 0.9745950000 -0.0003220000
0.0105583439 -0.0253445244 0.0336324927 -0.1697560000 -0.9854790000 -0.0036990000
0.0140733439 -0.0256175244 0.0335354927 0.2994390000 -0.9541150000 -0.0010240000
-0.0225486561 -0.0179455244 0.0336464927 -0.2729450000 -0.9620000000 -0.0075560000
-0.0163336561 -0.0192135244 0.0334504927 -0.2059440000 -0.9785350000 -0.0074940000
-0.0083396561 -0.0208835244 0.0334084927 -0.2045980000 -0.9788240000 -0.0066380000
-0.0002486561 -0.0225855244 0.0334394927 -0.2033960000 -0.9790790000 -0.0058320000
0.0073373439 -0.0241095244 0.0334584927 -0.1972810000 -0.9803310000 -0.0056600000
0.0162133439 -0.0218485244 0.0333724927 0.8686820000 -0.4953600000 0.0032130000
-0.0254796561 -0.0136375244 0.0333554927 -0.9845460000 -0.1750150000 -0.0062350000
0.0186193439 -0.0131535244 0.0333514927 0.9779690000 -0.2086010000 0.0079180000
0.0198633439 -0.0093235244 0.0308434927 0.9795890000 -0.2007900000 0.0094040000
-0.0242476561 -0.0053175244 0.0334854927 -0.9824910000 0.1862910000 0.0027020000
0.0195173439 -0.0082575244 0.0337664927 0.9800160000 -0.1987250000 0.0087220000
0.0204373439 -0.0046385244 0.0334454927 0.9775330000 -0.2105570000 0.0097600000
-0.0226086561 0.0028814756 0.0334264927 -0.9799600000 0.1991960000 -0.0000960000
0.0220713439 0.0028554756 0.0333354927 0.9753320000 -0.2205360000 0.0095670000
-0.0210786561 0.0101114756 0.0334234927 -0.9745280000 0.2242600000 -0.0014240000
-0.0200136561 0.0137604756 0.0333744927 -0.9713160000 0.2377700000 0.0034010000
0.0238653439 0.0108434756 0.0334684927 0.9869160000 -0.1610520000 0.0076350000
-0.0203706561 0.0149874756 0.0297074927 -0.9716930000 0.2362150000 -0.0038080000
-0.0189056561 0.0188594756 0.0335804927 -0.9661650000 0.2579130000 -0.0026010000
-0.0063256561 0.0223824756 0.0338124927 0.2186170000 0.9755500000 0.0225500000
0.0000293439 0.0214444756 0.0336254927 0.2266680000 0.9739410000 0.0077900000
0.0075403439 0.0196704756 0.0333654927 0.2267470000 0.9739040000 0.0098740000
0.0158973439 0.0177994756 0.0334714927 0.2211700000 0.9751530000 0.0126520000
0.0225393439 0.0160804756 0.0333554927 0.5349990000 0.8446640000 0.0178430000
-0.0164076561 0.0245014756 0.0332884927 -0.6995050000 0.7146000000 0.0062650000
-0.0092226561 0.0238924756 0.0336124927 0.1906500000 0.9816430000 0.0054990000
-0.0029276561 0.0229764756 0.0321424927 0.2232930000 0.9747390000 0.0049780000
0.0107323439 -0.0253835244 0.0413414927 -0.1620260000 -0.9826170000 0.0906210000
0.0139253439 -0.0256175244 0.0414284927 0.2535620000 -0.9608520000 0.1116670000
-0.0227226561 -0.0179815244 0.0415764927 -0.2932670000 -0.9411140000 0.1682240000
-0.0163836561 -0.0192405244 0.0415154927 -0.1992790000 -0.9686030000 0.1486500000
-0.0083286561 -0.0208855244 0.0415504927 -0.2008930000 -0.9681050000 0.1497140000
-0.0003046561 -0.0226335244 0.0415474927 -0.2098090000 -0.9690590000 0.1300210000
0.0074493439 -0.0241995244 0.0415124927 -0.1935550000 -0.9733510000 0.1229820000
0.0161323439 -0.0219645244 0.0414404927 0.8611180000 -0.4928220000 0.1249090000
-0.0255256561 -0.0136285244 0.0415604927 -0.9784410000 -0.1549000000 0.1365970000
0.0185663439 -0.0131725244 0.0413234927 0.9739130000 -0.2075540000 0.0917370000
0.0197563439 -0.0093035244 0.0430304927 0.9740130000 -0.1772290000 0.1410290000
-0.0242396561 -0.0050765244 0.0414474927 -0.9767710000 0.1847720000 0.1085230000
0.0194553439 -0.0080825244 0.0417474927 0.9691390000 -0.1971740000 0.1479610000
0.0203653439 -0.0043915244 0.0414064927 0.9753790000 -0.2008360000 0.0911050000
-0.0226776561 0.0028194756 0.0413864927 -0.9752400000 0.1987960000 0.0968890000
0.0219253439 0.0026844756 0.0414124927 0.9673450000 -0.2314610000 0.1032980000
-0.0211436561 0.0102244756 0.0416514927 -0.9679880000 0.2230150000 0.1151650000
-0.0200116561 0.0136674756 0.0411854927 -0.9570260000 0.2336760000 0.1717450000
-0.0060176561 0.0103534756 0.0453564927 -0.0068960000 0.0191650000 0.9997930000
0.0237723439 0.0107644756 0.0414664927 0.9819400000 -0.1483320000 0.1174360000
-0.0189126561 0.0189874756 0.0414714927 -0.9559190000 0.2587730000 0.1387660000
-0.0061756561 0.0223204756 0.0416604927 0.2022540000 0.9453330000 0.2558110000
0.0001183439 0.0213314756 0.0412874927 0.2150200000 0.9568100000 0.1956560000
0.0078073439 0.0196254756 0.0414904927 0.2128130000 0.9518840000 0.2205150000
0.0156383439 0.0177824756 0.0413444927 0.2068830000 0.9581730000 0.1977470000
0.0224943439 0.0162124756 0.0415444927 0.5049330000 0.8277750000 0.2446050000
-0.0163116561 0.0245064756 0.0414444927 -0.6522250000 0.7392290000 0.1677590000
-0.0091346561 0.0237044756 0.0412054927 0.1950030000 0.9613220000 0.1945070000
-0.0039296561 0.0230824756 0.0438714927 0.2061590000 0.8991030000 0.3861500000
0.0098723439 -0.0254025244 0.0460924927 -0.0389610000 -0.4311950000 0.9014170000
0.0138763439 -0.0256485244 0.0461334927 0.1957870000 -0.5548740000 0.8085680000
-0.0223466561 -0.0178415244 0.0460914927 -0.1252600000 -0.3690340000 0.9209360000
-0.0159686561 -0.0184255244 0.0461994927 -0.0756430000 -0.3150910000 0.9460420000
-0.0080166561 -0.0192345244 0.0463004927 -0.0524820000 -0.2249080000 0.9729660000
-0.0000476561 -0.0201995244 0.0463684927 -0.0433290000 -0.1613630000 0.9859430000
0.0078043439 -0.0209435244 0.0464214927 -0.0268970000 -0.1221540000 0.9921470000
0.0146443439 -0.0209155244 0.0464494927 0.1259240000 -0.1166170000 0.9851620000
-0.0232026561 -0.0132555244 0.0461584927 -0.1439200000 -0.0606500000 0.9877290000
-0.0163576561 -0.0130925244 0.0462684927 -0.0127180000 -0.0149570000 0.9998070000
-0.0083526561 -0.0131285244 0.0463244927 -0.0058730000 0.0031560000 0.9999780000
-0.0003006561 -0.0131685244 0.0463684927 -0.0064750000 0.0044380000 0.9999690000
0.0077113439 -0.0131405244 0.0464224927 -0.0066490000 0.0023020000 0.9999750000
0.0153953439 -0.0130115244 0.0464594927 0.0801120000 -0.0169270000 0.9966420000
0.0200703439 -0.0113485244 0.0465914927 -0.0157940000 -0.0057410000 0.9998590000
-0.0226076561 -0.0053815244 0.0461434927 -0.1529750000 0.0275660000 0.9878450000
-0.0163476561 -0.0051235244 0.0462344927 -0.0104590000 0.0080850000 0.9999130000
-0.0083376561 -0.0051675244 0.0463004927 -0.0073270000 0.0017720000 0.9999720000
-0.0002326561 -0.0051825244 0.0463454927 -0.0071230000 -0.0003520000 0.9999750000
0.0077273439 -0.0051745244 0.0464144927 -0.0093740000 -0.0020620000 0.9999540000
0.0157143439 -0.0052325244 0.0465244927 0.0297400000 -0.0162420000 0.9994260000
0.0203073439 -0.0039295244 0.0464804927 0.3627070000 -0.0755520000 0.9288350000
-0.0218456561 0.0024124756 0.0461454927 -0.1863550000 0.0421670000 0.9815770000
-0.0163646561 0.0028124756 0.0461894927 -0.0141420000 0.0027850000 0.9998960000
-0.0082806561 0.0028314756 0.0462614927 -0.0124360000 0.0092580000 0.9998800000
-0.0002286561 0.0027254756 0.0463664927 -0.0075820000 0.0077370000 0.9999410000
0.0077293439 0.0028204756 0.0464164927 -0.0146360000 0.0076200000 0.9998640000
0.0157653439 0.0027714756 0.0465604927 -0.0019450000 0.0012370000 0.9999970000
0.0211433439 0.0033764756 0.0465104927 0.2545110000 -0.0456910000 0.9659900000
-0.0210726561 0.0097064756 0.0460364927 -0.2312730000 0.0559530000 0.9712790000
-0.0164546561 0.0108474756 0.0461354927 -0.0408300000 0.0194290000 0.9989770000
-0.0083716561 0.0108984756 0.0461414927 -0.0056630000 0.0105590000 0.9999280000
-0.0002706561 0.0108244756 0.0461954927 -0.0099990000 0.0090840000 0.9999090000
0.0076643439 0.0108594756 0.0463564927 -0.0203410000 0.0009590000 0.9997930000
0.0157083439 0.0108014756 0.0464664927 0.0007310000 0.0158270000 0.9998740000
0.0220353439 0.0110414756 0.0463854927 0.1801410000 0.0141010000 0.9835400000
-0.0206516561 0.0153204756 0.0461114927 0.0275820000 -0.0076580000 0.9995900000
-0.0160146561 0.0186034756 0.0461334927 -0.0953810000 0.0394690000 0.9946580000
-0.0083686561 0.0188344756 0.0461384927 -0.0011080000 0.0277240000 0.9996150000
-0.0004626561 0.0184144756 0.0462354927 -0.0023850000 0.0471240000 0.9988860000
0.0075553439 0.0174314756 0.0463714927 -0.0006010000 0.0715070000 0.9974400000
0.0153583439 0.0165304756 0.0464624927 0.0171320000 0.0865570000 0.9961000000
0.0220283439 0.0158164756 0.0463864927 0.1291260000 0.1262270000 0.9835620000
-0.0152496561 0.0240154756 0.0460834927 -0.1126380000 0.1544220000 0.9815630000
-0.0093766561 0.0235454756 0.0460554927 0.0192940000 0.1331540000 0.9909080000
-0.0039846561 0.0232034756 0.0458754927 0.0406140000 0.2520080000 0.9668730000
